doro,one,two,three,delta
서울특별시 강남구 강남대로 240,3244,3612,3661,417 
서울특별시 강남구 강남대로 256,3205,3263,3390,185 
서울특별시 강남구 강남대로 272,2443,0,3138,695 
서울특별시 강남구 강남대로 324,3459,4144,3459,0 
서울특별시 강남구 강남대로112길 41,2605,2949,3114,509 
서울특별시 강남구 강남대로120길 58,2218,0,3179,961 
서울특별시 강남구 강남대로124길 51,3032,3180,2780,-252 
서울특별시 강남구 강남대로136길 40,3834,3546,3991,157 
서울특별시 강남구 강남대로146길 28,4845,5735,5924,1079 
서울특별시 강남구 강남대로162길 41-8,3087,2945,2588,-499 
서울특별시 강남구 강남대로48길 24,4272,0,5184,912 
서울특별시 강남구 강남대로54길 6,2188,2901,3333,1145 
서울특별시 강남구 강남대로84길 33,2973,3076,3059,86 
서울특별시 강남구 개포로 303,4555,4590,6226,1671 
서울특별시 강남구 개포로 307,4304,4871,5440,1136 
서울특별시 강남구 개포로 310,11062,10557,15168,4106 
서울특별시 강남구 개포로 311,4962,5814,7772,2810 
서울특별시 강남구 개포로 409,5249,5910,6042,793 
서울특별시 강남구 개포로 411,5554,5803,5654,100 
서울특별시 강남구 개포로 516,7132,7289,9583,2451 
서울특별시 강남구 개포로109길 21,6393,7263,8210,1817 
서울특별시 강남구 개포로109길 69,3434,4134,4988,1554 
서울특별시 강남구 개포로109길 9,6648,7137,8759,2111 
서울특별시 강남구 개포로110길 15,4929,5889,6816,1887 
서울특별시 강남구 개포로110길 21,5000,4506,5967,967 
서울특별시 강남구 개포로110길 43,4294,4554,5367,1073 
서울특별시 강남구 개포로110길 50,7442,6717,8091,649 
서울특별시 강남구 개포로124길 27,4755,5282,5917,1162 
서울특별시 강남구 개포로28길 28,2231,0,2462,231 
서울특별시 강남구 광평로10길 15,5799,5332,7017,1218 
서울특별시 강남구 광평로10길 6,5453,5453,6232,779 
서울특별시 강남구 광평로19길 10,5853,6667,7289,1436 
서울특별시 강남구 광평로19길 15,4165,4831,4532,367 
서울특별시 강남구 광평로31길 27,4916,5564,5981,1065 
서울특별시 강남구 광평로34길 35,5511,5477,6186,675 
서울특별시 강남구 광평로34길 55,4958,4997,5868,910 
서울특별시 강남구 광평로39길 3,4164,4708,5848,1684 
서울특별시 강남구 광평로47길 17,6075,6363,8205,2130 
서울특별시 강남구 광평로51길 22,2978,4394,3901,923 
서울특별시 강남구 광평로51길 27,4123,5299,6192,2069 
서울특별시 강남구 남부순환로 2615,2806,3591,3776,970 
서울특별시 강남구 남부순환로 2740,5153,5151,6588,1435 
서울특별시 강남구 남부순환로 2803,6797,7045,7464,667 
서울특별시 강남구 남부순환로351길 23,1747,2929,3037,1290 
서울특별시 강남구 남부순환로363길 30,3584,6000,5724,2140 
서울특별시 강남구 남부순환로363길 49,4574,5160,5757,1183 
서울특별시 강남구 남부순환로365길 33,4762,5831,6700,1938 
서울특별시 강남구 남부순환로365길 5,3212,3804,3006,-206 
서울특별시 강남구 남부순환로373길 3,4437,4159,5145,708 
서울특별시 강남구 남부순환로373길 9,3945,4053,4812,867 
서울특별시 강남구 남부순환로375길 6,2119,2799,2564,445 
서울특별시 강남구 남부순환로379길 14,6412,6502,6653,241 
서울특별시 강남구 남부순환로381길 15,3394,0,3942,548 
서울특별시 강남구 남부순환로381길 25,3052,3760,5224,2172 
서울특별시 강남구 남부순환로391길 7,3022,0,3223,201 
서울특별시 강남구 논현로 205,4807,4556,6231,1424 
서울특별시 강남구 논현로 209,4532,4507,7289,2757 
서울특별시 강남구 논현로 213,4437,5282,5691,1254 
서울특별시 강남구 논현로 218,3338,3435,4101,763 
서울특별시 강남구 논현로 565,3056,2575,2862,-194 
서울특별시 강남구 논현로102길 4,1861,0,2249,388 
서울특별시 강남구 논현로111길 39,3901,4011,5852,1951 
서울특별시 강남구 논현로113길 5,2077,2356,2900,823 
서울특별시 강남구 논현로124길 7,2437,2712,3534,1097 
서울특별시 강남구 논현로124길 8,2488,2894,3656,1168 
서울특별시 강남구 논현로154길 12,2699,3352,3834,1135 
서울특별시 강남구 논현로159길 56,2279,0,3807,1528 
서울특별시 강남구 논현로2길 22,1926,1816,1888,-38 
서울특별시 강남구 논현로2길 38,2086,0,3019,933 
서울특별시 강남구 논현로2길 61-4,2230,2867,2942,712 
서울특별시 강남구 논현로41길 10,4869,4933,5925,1056 
서울특별시 강남구 논현로51길 25,4139,4488,5634,1495 
서울특별시 강남구 논현로63길 16,3018,3541,4505,1487 
서울특별시 강남구 논현로70길 16,2506,2438,3132,626 
서울특별시 강남구 논현로72길 32,2707,0,1920,-787 
서울특별시 강남구 논현로97길 74,1841,1311,3858,2017 
서울특별시 강남구 도곡로 306,6001,6882,7815,1814 
서울특별시 강남구 도곡로 320,6343,6889,10278,3935 
서울특별시 강남구 도곡로 404,5123,6150,7317,2194 
서울특별시 강남구 도곡로11길 13,1860,2422,2595,735 
서울특별시 강남구 도곡로13길 19,2786,3123,3281,495 
서울특별시 강남구 도곡로14길 12,3168,3272,6762,3594 
서울특별시 강남구 도곡로14길 14-1,3581,0,3327,-254 
서울특별시 강남구 도곡로18길 34,4350,4661,6370,2020 
서울특별시 강남구 도곡로18길 35,4078,4428,6564,2486 
서울특별시 강남구 도곡로19길 13,2109,2770,2933,824 
서울특별시 강남구 도곡로21길 15,3329,4240,5045,1716 
서울특별시 강남구 도곡로23길 31,1886,1958,1482,-404 
서울특별시 강남구 도곡로23길 32,1905,2213,2111,206 
서울특별시 강남구 도곡로28길 8,4173,4129,5700,1527 
서울특별시 강남구 도곡로33길 16,2525,0,3232,707 
서울특별시 강남구 도곡로3길 26,2895,2813,3107,212 
서울특별시 강남구 도곡로43길 20,6511,6146,9355,2844 
서울특별시 강남구 도곡로43길 21,5426,5780,6580,1154 
서울특별시 강남구 도곡로4길 31,2667,3090,3569,902 
서울특별시 강남구 도곡로57길 12,5627,6670,7412,1785 
서울특별시 강남구 도곡로57길 9-7,4928,0,5520,592 
서울특별시 강남구 도곡로78길 22,6454,5932,7898,1444 
서울특별시 강남구 도곡로7길 22,3484,4079,5434,1950 
서울특별시 강남구 도곡로93길 12,5194,6278,6876,1682 
서울특별시 강남구 도산대로 232,4075,4129,4265,190 
서울특별시 강남구 도산대로 454,4779,5009,5515,736 
서울특별시 강남구 도산대로101길 29,4716,4821,6976,2260 
서울특별시 강남구 도산대로46길 21,3788,4118,5070,1282 
서울특별시 강남구 도산대로50길 43,3966,4407,4982,1016 
서울특별시 강남구 도산대로70길 25,4230,4948,6021,1791 
서울특별시 강남구 도산대로70길 43,5162,0,5553,391 
서울특별시 강남구 도산대로78길 51,5449,5741,5838,389 
서울특별시 강남구 도산대로81길 69,3510,3988,4148,638 
서울특별시 강남구 도산대로83길 22,3779,4221,4274,495 
서울특별시 강남구 도산대로83길 27,4732,4688,4176,-556 
서울특별시 강남구 도산대로85길 30,4323,4875,4168,-155 
서울특별시 강남구 도산대로89길 35,4499,3985,4595,96 
서울특별시 강남구 도산대로89길 49,5359,6866,7236,1877 
서울특별시 강남구 도산대로92길 10,3911,4260,5153,1242 
서울특별시 강남구 도산대로96길 39,5506,5325,7324,1818 
서울특별시 강남구 도산대로98길 31,2494,0,2882,388 
서울특별시 강남구 밤고개로21길 25,3590,4485,5559,1969 
서울특별시 강남구 밤고개로26길 50,3788,4897,4856,1068 
서울특별시 강남구 밤고개로27길 20,3446,3590,4208,762 
서울특별시 강남구 봉은사로 312,3293,3481,3481,188 
서울특별시 강남구 봉은사로 474,3360,5280,4205,845 
서울특별시 강남구 봉은사로 516,4861,5075,5836,975 
서울특별시 강남구 봉은사로 645,5766,0,8512,2746 
서울특별시 강남구 봉은사로105길 12-7,5067,6744,6533,1466 
서울특별시 강남구 봉은사로109길 66-1,4292,4962,4250,-42 
서울특별시 강남구 봉은사로113길 25,4833,6081,7088,2255 
서울특별시 강남구 봉은사로11길 12,2266,3964,3576,1310 
서울특별시 강남구 봉은사로21길 19,2447,0,4120,1673 
서울특별시 강남구 봉은사로29길 35,4074,4278,4319,245 
서울특별시 강남구 봉은사로72길 33,4084,3831,4699,615 
서울특별시 강남구 봉은사로73길 23,5261,6142,7066,1805 
서울특별시 강남구 봉은사로81길 8,3607,3846,4453,846 
서울특별시 강남구 삼성로 150,6669,7005,8208,1539 
서울특별시 강남구 삼성로 151,6836,6673,7750,914 
서울특별시 강남구 삼성로 212,6762,6500,8599,1837 
서울특별시 강남구 삼성로 417,4330,4803,5841,1511 
서울특별시 강남구 삼성로 517,4855,4699,5243,388 
서울특별시 강남구 삼성로 629,8149,9521,10139,1990 
서울특별시 강남구 삼성로111길 8,6988,7825,9686,2698 
서울특별시 강남구 삼성로133길 20,4427,6167,6392,1965 
서울특별시 강남구 삼성로135길 15,4562,0,5702,1140 
서울특별시 강남구 삼성로147길 22,3349,4675,4814,1465 
서울특별시 강남구 삼성로4길 17,7076,6983,8857,1781 
서울특별시 강남구 삼성로51길 25,7361,8857,10451,3090 
서울특별시 강남구 삼성로51길 35,7704,8976,10662,2958 
서울특별시 강남구 삼성로51길 37,8528,7951,11873,3345 
서울특별시 강남구 삼성로64길 12,4586,5530,6022,1436 
서울특별시 강남구 삼성로64길 5,5034,5824,7166,2132 
서울특별시 강남구 삼성로85길 11,4434,4926,6290,1856 
서울특별시 강남구 삼성로85길 33,4356,5060,5449,1093 
서울특별시 강남구 삼성로85길 38,2713,3522,3506,793 
서울특별시 강남구 삼성로85길 42,2739,2717,3372,633 
서울특별시 강남구 삼성로99길 14,3672,4702,4825,1153 
서울특별시 강남구 선릉로 120,7366,7000,9644,2278 
서울특별시 강남구 선릉로 206,6083,6939,8430,2347 
서울특별시 강남구 선릉로 221,6465,7280,9067,2602 
서울특별시 강남구 선릉로 222,7043,6542,9339,2296 
서울특별시 강남구 선릉로 423,4937,5682,8209,3272 
서울특별시 강남구 선릉로 604,2820,0,3929,1109 
서울특별시 강남구 선릉로 7,10948,12651,15415,4467 
서울특별시 강남구 선릉로 748,4673,4858,5712,1039 
서울특별시 강남구 선릉로100길 42,3285,3012,3331,46 
서울특별시 강남구 선릉로107길 24,2488,0,3575,1087 
서울특별시 강남구 선릉로112길 53,3890,3961,5700,1810 
서울특별시 강남구 선릉로126길 22,4669,5981,7144,2475 
서울특별시 강남구 선릉로130길 19,6133,5690,8019,1886 
서울특별시 강남구 선릉로130길 20,5692,6136,6732,1040 
서울특별시 강남구 선릉로132길 54,4971,5515,6031,1060 
서울특별시 강남구 선릉로18길 12,3950,0,4431,481 
서울특별시 강남구 선릉로190길 112,4418,0,5897,1479 
서울특별시 강남구 선릉로190길 78,4465,0,4859,394 
서울특별시 강남구 선릉로190길 84,4722,4274,4437,-285 
서울특별시 강남구 선릉로69길 19,7127,7000,8750,1623 
서울특별시 강남구 선릉로69길 20,6787,7105,9146,2359 
서울특별시 강남구 선릉로76길 12,4228,4690,6212,1984 
서울특별시 강남구 선릉로87길 14,3191,3556,4028,837 
서울특별시 강남구 선릉로90길 56,3036,2972,3344,308 
서울특별시 강남구 압구정로 113,6338,7112,8413,2075 
서울특별시 강남구 압구정로 151,7102,4138,8486,1384 
서울특별시 강남구 압구정로 201,6852,6833,7203,351 
서울특별시 강남구 압구정로 309,6844,5746,7235,391 
서울특별시 강남구 압구정로 313,6715,5377,6529,-186 
서울특별시 강남구 압구정로 321,8314,5870,9006,692 
서울특별시 강남구 압구정로 347,6374,5928,6218,-156 
서울특별시 강남구 압구정로 401,7136,6887,7445,309 
서울특별시 강남구 압구정로 403,6450,6126,7539,1089 
서울특별시 강남구 압구정로18길 14-14,2706,2706,3512,806 
서울특별시 강남구 압구정로18길 14-8,2589,0,3041,452 
서울특별시 강남구 압구정로22길 29,2415,0,3902,1487 
서울특별시 강남구 압구정로29길 23,8062,6952,8032,-30 
서울특별시 강남구 압구정로29길 49,6988,0,6353,-635 
서울특별시 강남구 압구정로29길 57,9708,8340,9800,92 
서울특별시 강남구 압구정로29길 68,9611,9230,9832,221 
서울특별시 강남구 압구정로29길 69,6988,6667,7232,244 
서울특별시 강남구 압구정로29길 71,6536,6762,7704,1168 
서울특별시 강남구 압구정로2길 20,4665,4859,5482,817 
서울특별시 강남구 압구정로2길 46,1965,2501,2712,747 
서울특별시 강남구 압구정로33길 70,9796,8671,10076,280 
서울특별시 강남구 압구정로39길 58,8080,7600,8660,580 
서울특별시 강남구 압구정로42길 36,2375,4129,3311,936 
서울특별시 강남구 압구정로42길 78,5106,5065,6893,1787 
서울특별시 강남구 압구정로48길 15,3548,4917,4805,1257 
서울특별시 강남구 압구정로50길 28,4036,4763,4355,319 
서울특별시 강남구 압구정로61길 37,6850,6680,8133,1283 
서울특별시 강남구 압구정로71길 32,4260,4330,4380,120 
서울특별시 강남구 양재대로55길 12,4568,5530,7099,2531 
서울특별시 강남구 언주로 107,4471,4831,6044,1573 
서울특별시 강남구 언주로 110,4166,4157,6703,2537 
서울특별시 강남구 언주로 117,5355,6056,7411,2056 
서울특별시 강남구 언주로 118,2948,3461,4270,1322 
서울특별시 강남구 언주로 122,2120,0,3544,1424 
서울특별시 강남구 언주로 203,4744,5031,5530,786 
서울특별시 강남구 언주로 3,5186,6082,8643,3457 
서울특별시 강남구 언주로 316,4593,4952,7976,3383 
서울특별시 강남구 언주로 332,6380,6914,8084,1704 
서울특별시 강남구 언주로 420,6920,8250,8812,1892 
서울특별시 강남구 언주로 427,3076,3187,3516,440 
서울특별시 강남구 언주로 604,5302,6040,6645,1343 
서울특별시 강남구 언주로 620,2528,2602,3603,1075 
서울특별시 강남구 언주로103길 14,2307,0,3488,1181 
서울특별시 강남구 언주로116길 12,4405,4654,5054,649 
서울특별시 강남구 언주로116길 6,3722,5164,5754,2032 
서울특별시 강남구 언주로122길 25,4348,4752,5417,1069 
서울특별시 강남구 언주로130길 30,4634,4946,5406,772 
서울특별시 강남구 언주로136길 21,3545,3708,4102,557 
서울특별시 강남구 언주로146길 18,5246,5165,6412,1166 
서울특별시 강남구 언주로164길 20,4388,0,4906,518 
서울특별시 강남구 언주로167길 15,4820,5088,5442,622 
서울특별시 강남구 언주로167길 9,4196,3828,6523,2327 
서울특별시 강남구 언주로29길 34,6331,5144,6602,271 
서울특별시 강남구 언주로30길 10,2965,3208,3689,724 
서울특별시 강남구 언주로30길 13,3273,3444,4408,1135 
서울특별시 강남구 언주로30길 21,3520,3243,4279,759 
서울특별시 강남구 언주로30길 26,4567,5600,6302,1735 
서울특별시 강남구 언주로30길 27,2491,3018,3686,1195 
서울특별시 강남구 언주로30길 56,4762,4952,5301,539 
서울특별시 강남구 언주로30길 57,4636,4550,6340,1704 
서울특별시 강남구 언주로75길 22,2896,0,3464,568 
서울특별시 강남구 언주로81길 28,5514,3900,5955,441 
서울특별시 강남구 언주로85길 13,3503,3860,5806,2303 
서울특별시 강남구 언주로86길 11,2442,2364,3014,572 
서울특별시 강남구 언주로86길 12,3278,4508,4798,1520 
서울특별시 강남구 언주로86길 25,3732,4503,4043,311 
서울특별시 강남구 언주로86길 7,2830,2906,3099,269 
서울특별시 강남구 언주로90길 4,2750,0,2528,-222 
서울특별시 강남구 언주로90길 6,2371,2762,2809,438 
서울특별시 강남구 역삼로 109,3210,2310,4130,920 
서울특별시 강남구 역삼로 171,3412,4012,5173,1761 
서울특별시 강남구 역삼로 237,2600,3503,3455,855 
서울특별시 강남구 역삼로 240,4417,0,5466,1049 
서울특별시 강남구 역삼로 306,6096,6920,6886,790 
서울특별시 강남구 역삼로 307,5931,6045,6846,915 
서울특별시 강남구 역삼로 309,4206,4964,5773,1567 
서울특별시 강남구 역삼로 314,6407,5838,8659,2252 
서울특별시 강남구 역삼로 315-1,5584,7723,9708,4124 
서울특별시 강남구 역삼로19길 12,3290,0,3524,234 
서울특별시 강남구 역삼로25길 21,5123,5483,4590,-533 
서울특별시 강남구 역삼로25길 27,4479,3909,3919,-560 
서울특별시 강남구 역삼로33길 13,2887,2959,3639,752 
서울특별시 강남구 역삼로34길 12,1990,0,2561,571 
서울특별시 강남구 영동대로 210,7109,5928,7283,174 
서울특별시 강남구 영동대로 220,6024,6607,7421,1397 
서울특별시 강남구 영동대로 230,6624,6566,8105,1481 
서울특별시 강남구 영동대로 330-7,5000,0,6213,1213 
서울특별시 강남구 영동대로 602,5169,5964,6361,1192 
서울특별시 강남구 영동대로 640,7536,8191,9627,2091 
서울특별시 강남구 영동대로112길 15,4367,6633,8286,3919 
서울특별시 강남구 영동대로112길 24,2407,4989,2454,47 
서울특별시 강남구 영동대로114길 56,6504,7125,6427,-77 
서울특별시 강남구 영동대로114길 72,6639,6959,6550,-89 
서울특별시 강남구 영동대로128길 15,5795,5281,8051,2256 
서울특별시 강남구 영동대로128길 45,4270,4094,5150,880 
서울특별시 강남구 영동대로138길 12,8364,8842,11705,3341 
서울특별시 강남구 영동대로142길 16,5982,6438,7277,1295 
서울특별시 강남구 영동대로142길 25,5391,6172,6889,1498 
서울특별시 강남구 영동대로57길 28,4601,3524,6461,1860 
서울특별시 강남구 일원로 120,4553,4854,5663,1110 
서울특별시 강남구 일원로 127,5754,5672,7376,1622 
서울특별시 강남구 일원로14길 25,4938,5355,6568,1630 
서울특별시 강남구 자곡로 101,4103,4432,5239,1136 
서울특별시 강남구 자곡로 175,4935,4896,5596,661 
서울특별시 강남구 자곡로 21,4032,4085,5783,1751 
서울특별시 강남구 자곡로 260,3791,3950,5612,1821 
서울특별시 강남구 테헤란로 423,2464,2585,3993,1529 
서울특별시 강남구 테헤란로 428,3309,2504,3866,557 
서울특별시 강남구 테헤란로10길 10,2890,3831,4030,1140 
서울특별시 강남구 테헤란로10길 25,2574,0,4033,1459 
서울특별시 강남구 테헤란로13길 31-7,3038,0,3920,882 
서울특별시 강남구 테헤란로13길 35-6,2531,2653,3659,1128 
서울특별시 강남구 테헤란로14길 13,4111,4220,4376,265 
서울특별시 강남구 테헤란로25길 58,2390,2839,2937,547 
서울특별시 강남구 테헤란로28길 47,1889,0,2712,823 
서울특별시 강남구 테헤란로48길 10,3726,4090,4667,941 
서울특별시 강남구 테헤란로4길 32,2758,3366,3700,942 
서울특별시 강남구 테헤란로4길 46,3571,3809,4418,847 
서울특별시 강남구 테헤란로52길 16,6158,5068,8266,2108 
서울특별시 강남구 테헤란로5길 36,2822,3323,3479,657 
서울특별시 강남구 테헤란로63길 12,3170,3541,3376,206 
서울특별시 강남구 테헤란로64길 9,2893,3083,3181,288 
서울특별시 강남구 테헤란로77길 22,3039,3008,4236,1197 
서울특별시 강남구 테헤란로79길 31,2801,3401,3052,251 
서울특별시 강남구 학동로 165,3728,3728,3490,-238 
서울특별시 강남구 학동로 338,2892,4223,4118,1226 
서울특별시 강남구 학동로 405,6326,4656,5460,-866 
서울특별시 강남구 학동로 409,5290,5791,5151,-139 
서울특별시 강남구 학동로 412,6168,6333,7696,1528 
서울특별시 강남구 학동로 420,5000,6111,6316,1316 
서울특별시 강남구 학동로 432,6667,5951,6862,195 
서울특별시 강남구 학동로 513,4756,5635,6340,1584 
서울특별시 강남구 학동로 609,6044,5365,8986,2942 
서울특별시 강남구 학동로105길 30,5517,6993,7382,1865 
서울특별시 강남구 학동로11길 13,3122,0,2905,-217 
서울특별시 강남구 학동로21길 23,3285,0,3109,-176 
서울특별시 강남구 학동로30길 21,2416,2016,3268,852 
서울특별시 강남구 학동로38길 22,3921,3999,4504,583 
서울특별시 강남구 학동로42길 60,1821,2164,3640,1819 
서울특별시 강남구 학동로43길 38,2837,2993,4480,1643 
서울특별시 강남구 학동로46길 32,6090,0,6118,28 
서울특별시 강남구 학동로46길 38,4623,4586,5824,1201 
서울특별시 강남구 학동로63길 13,4280,4591,4591,311 
서울특별시 강남구 학동로63길 14,4364,4529,4584,220 
서울특별시 강남구 학동로64길 14,5128,5086,7998,2870 
서울특별시 강남구 학동로64길 7,5244,5803,7325,2081 
서울특별시 강남구 학동로68길 29,7745,7953,9206,1461 
서울특별시 강남구 학동로68길 30,5028,6492,5544,516 
서울특별시 강남구 학동로73길 13,4793,5531,5356,563 
서울특별시 강남구 학동로77길 27,4821,5847,5666,845 
서울특별시 강남구 학동로77길 49,4976,5431,5196,220 
서울특별시 강남구 학동로7길 6,2625,2842,3898,1273 
서울특별시 강남구 학동로88길 5,3811,4764,4923,1112 
서울특별시 강남구 학동로97길 31,5221,5682,5715,494 
서울특별시 강남구 학동로97길 51,5321,7571,8425,3104 
서울특별시 강남구 헌릉로571길 20,3877,4636,4702,825 
서울특별시 강남구 헌릉로590길 10,3417,3419,4532,1115 
서울특별시 강남구 헌릉로590길 100,3858,4842,5434,1576 
서울특별시 강남구 헌릉로590길 11,3224,4040,4078,854 
서울특별시 강남구 헌릉로590길 63,2861,3402,3597,736 
서울특별시 강동구 강동대로 143,1802,1827,2184,382 
서울특별시 강동구 강동대로 143-16,1821,0,1767,-54 
서울특별시 강동구 강동대로 143-40,1691,1691,2375,684 
서울특별시 강동구 강동대로 155,1799,0,1786,-13 
서울특별시 강동구 강동대로 177,2111,1966,2090,-21 
서울특별시 강동구 강동대로 217,2276,0,2368,92 
서울특별시 강동구 강동대로51길 12,3056,0,3197,141 
서울특별시 강동구 강동대로51길 75,1854,0,2211,357 
서울특별시 강동구 강동대로53길 49,1849,1925,2349,500 
서울특별시 강동구 강동대로53길 68,1948,1926,1926,-22 
서울특별시 강동구 강동대로55길 68,1725,0,2033,308 
서울특별시 강동구 고덕로 130,2807,4071,4544,1737 
서울특별시 강동구 고덕로 131,3144,3245,4825,1681 
서울특별시 강동구 고덕로 210,3470,3433,4591,1121 
서울특별시 강동구 고덕로 240,2831,3416,4105,1274 
서울특별시 강동구 고덕로 427,2536,2454,4078,1542 
서울특별시 강동구 고덕로 52,1822,2369,2168,346 
서울특별시 강동구 고덕로 52-11,2043,2140,2451,408 
서울특별시 강동구 고덕로 64,2343,3227,3306,963 
서울특별시 강동구 고덕로10길 30,1736,0,2351,615 
서울특별시 강동구 고덕로19길 30,2257,2823,2917,660 
서울특별시 강동구 고덕로20나길 49,1604,2083,2688,1084 
서울특별시 강동구 고덕로24가길 4,1254,0,1783,529 
서울특별시 강동구 고덕로25길 13-11,2384,2435,2275,-109 
서울특별시 강동구 고덕로27길 33-27,1207,1451,1451,244 
서울특별시 강동구 고덕로27길 36,3036,3830,4925,1889 
서울특별시 강동구 고덕로38길 34-8,2790,2240,2222,-568 
서울특별시 강동구 고덕로61길 37,2797,3115,4060,1263 
서울특별시 강동구 고덕로62길 126,2218,2760,3314,1096 
서울특별시 강동구 고덕로62길 29,2782,3187,3808,1026 
서울특별시 강동구 고덕로62길 76,2735,2995,3848,1113 
서울특별시 강동구 고덕로80길 134,3630,4457,5727,2097 
서울특별시 강동구 고덕로97길 20,2324,2528,3154,830 
서울특별시 강동구 고덕로97길 29,2609,2609,3201,592 
서울특별시 강동구 구천면로 144,3690,4185,4028,338 
서울특별시 강동구 구천면로 189,1757,1755,2300,543 
서울특별시 강동구 구천면로 278,2007,1946,2602,595 
서울특별시 강동구 구천면로 297-5,1667,1478,1394,-273 
서울특별시 강동구 구천면로 365-13,2088,2397,2660,572 
서울특별시 강동구 구천면로 366,2337,3176,3410,1073 
서울특별시 강동구 구천면로 557,2216,2347,3388,1172 
서울특별시 강동구 구천면로13길 17,1934,1984,2431,497 
서울특별시 강동구 구천면로17길 18,1442,1321,1761,319 
서울특별시 강동구 구천면로41길 79,2330,2536,2730,400 
서울특별시 강동구 구천면로42길 16,1842,1809,2324,482 
서울특별시 강동구 구천면로47가길 14-38,1417,1356,2045,628 
서울특별시 강동구 구천면로47길 69-18,1450,1910,1833,383 
서울특별시 강동구 구천면로68길 38,1687,2121,1931,244 
서울특별시 강동구 동남로49길 57,2522,2973,4097,1575 
서울특별시 강동구 동남로49길 60-5,2311,2778,2957,646 
서울특별시 강동구 동남로71길 19,2754,3303,4236,1482 
서울특별시 강동구 동남로71길 38,1764,1809,2042,278 
서울특별시 강동구 동남로71길 41,2561,2528,3272,711 
서울특별시 강동구 동남로73길 26,1658,1922,2124,466 
서울특별시 강동구 동남로79길 26,3228,4346,3726,498 
서울특별시 강동구 명일로 102,2531,2316,3828,1297 
서울특별시 강동구 명일로 110,1728,2042,2338,610 
서울특별시 강동구 명일로 113,2275,2936,3508,1233 
서울특별시 강동구 명일로 143,2061,2489,2522,461 
서울특별시 강동구 명일로 152,1848,0,2332,484 
서울특별시 강동구 명일로 158-5,1527,0,1598,71 
서울특별시 강동구 명일로 172,3293,3497,4578,1285 
서울특별시 강동구 명일로 238,1428,1637,1831,403 
서울특별시 강동구 명일로 260,1748,2488,2288,540 
서울특별시 강동구 명일로 286,2385,2098,3252,867 
서울특별시 강동구 명일로 293,2192,2716,3222,1030 
서울특별시 강동구 명일로 376,2961,2577,4195,1234 
서울특별시 강동구 명일로10가길 24,2229,2170,2189,-40 
서울특별시 강동구 명일로12길 56,2395,2758,2512,117 
서울특별시 강동구 명일로13길 38,1982,2006,1670,-312 
서울특별시 강동구 명일로17길 18,1496,0,2351,855 
서울특별시 강동구 명일로17길 40,1923,0,2072,149 
서울특별시 강동구 명일로24길 11-9,1715,1544,1777,62 
서울특별시 강동구 명일로26길 20,1928,2041,2316,388 
서울특별시 강동구 상암로 11,2744,2944,3792,1048 
서울특별시 강동구 상암로 210-32,1585,1795,2341,756 
서울특별시 강동구 상암로 224,2795,2902,4070,1275 
서울특별시 강동구 상암로 225,2660,4293,3559,899 
서울특별시 강동구 상암로 251,2926,3009,3971,1045 
서울특별시 강동구 상암로12길 13,2160,2538,2638,478 
서울특별시 강동구 상암로12길 24,1791,2464,2818,1027 
서울특별시 강동구 상암로12길 32,1711,0,2132,421 
서울특별시 강동구 상암로23길 14,1477,1710,1710,233 
서울특별시 강동구 상암로3길 54,1836,0,2314,478 
서울특별시 강동구 상암로3길 77,2673,2911,3162,489 
서울특별시 강동구 상암로41가길 40,1286,0,1474,188 
서울특별시 강동구 상암로41길 29,1761,0,1996,235 
서울특별시 강동구 상암로41길 45,1673,1738,2147,474 
서울특별시 강동구 상암로41길 61,1663,1859,1968,305 
서울특별시 강동구 상암로41길 79,1098,1843,2157,1059 
서울특별시 강동구 상암로41길 89,1683,2195,2493,810 
서울특별시 강동구 상암로41길 89-7,1515,0,2052,537 
서울특별시 강동구 상암로47길 38,1597,1755,1909,312 
서울특별시 강동구 상암로47길 80-16,2081,2139,2178,97 
서울특별시 강동구 상암로49길 13,1854,2051,2345,491 
서울특별시 강동구 상암로51길 54,2580,2898,3312,732 
서울특별시 강동구 상암로51길 61,2449,2642,3160,711 
서울특별시 강동구 상암로81길 7,1662,2172,2170,508 
서울특별시 강동구 상일로 152,2270,2794,3423,1153 
서울특별시 강동구 상일로 74,2716,2995,3593,877 
서울특별시 강동구 선사로 120,2718,3288,3456,738 
서울특별시 강동구 선사로 138,2236,2178,2390,154 
서울특별시 강동구 성내로 54,3421,3515,3482,61 
서울특별시 강동구 성내로 80,3364,3487,5043,1679 
서울특별시 강동구 성내로 91,3110,3177,2976,-134 
서울특별시 강동구 성내로14길 18,2284,2483,2528,244 
서울특별시 강동구 성내로18길 13,1504,0,2193,689 
서울특별시 강동구 성내로18길 41,1826,2028,1989,163 
서울특별시 강동구 성내로6가길 29,2353,2315,2665,312 
서울특별시 강동구 성내로6나길 27,2136,2273,2656,520 
서울특별시 강동구 성내로6다길 115,1566,1876,2368,802 
서울특별시 강동구 성내로6다길 15,2096,2855,3041,945 
서울특별시 강동구 성내로6다길 42,2465,2529,2783,318 
서울특별시 강동구 성내로8길 22,2406,2514,2632,226 
서울특별시 강동구 성안로 155,2449,2807,2562,113 
서울특별시 강동구 성안로 162,1594,1940,1740,146 
서울특별시 강동구 성안로 170,1707,2340,2202,495 
서울특별시 강동구 성안로 172,2056,2072,2627,571 
서울특별시 강동구 성안로 176,1869,2028,2174,305 
서울특별시 강동구 성안로 18,2014,1868,2030,16 
서울특별시 강동구 성안로 182,1608,1884,1881,273 
서울특별시 강동구 성안로 184,1706,1697,2282,576 
서울특별시 강동구 성안로 21,1918,2397,2564,646 
서울특별시 강동구 성안로 26,1892,1758,1861,-31 
서울특별시 강동구 성안로 54,1942,2092,2428,486 
서울특별시 강동구 성안로 66,1828,1945,2025,197 
서울특별시 강동구 성안로13길 60,1392,1671,1544,152 
서울특별시 강동구 성안로25길 15,2646,2867,3418,772 
서울특별시 강동구 성안로25길 40,1644,1517,1740,96 
서울특별시 강동구 성안로25길 6,1757,2044,2790,1033 
서울특별시 강동구 아리수로50길 50,3848,3820,5504,1656 
서울특별시 강동구 아리수로93가길 25,2220,2342,3315,1095 
서울특별시 강동구 아리수로93길 40,2318,2923,3412,1094 
서울특별시 강동구 아리수로94길 19,2225,2342,3084,859 
서울특별시 강동구 아리수로94길 72,2319,2606,3076,757 
서울특별시 강동구 아리수로97길 19,2294,2334,3193,899 
서울특별시 강동구 아리수로97길 20,2432,3186,3154,722 
서울특별시 강동구 아리수로97길 68,2338,2850,3117,779 
서울특별시 강동구 아리수로98길 25,2479,2407,3913,1434 
서울특별시 강동구 암사13길 7,1366,1567,2118,752 
서울특별시 강동구 암사19길 25,2189,2392,2741,552 
서울특별시 강동구 암사1길 9,1885,1931,1904,19 
서울특별시 강동구 암사길 109,1920,2274,2588,668 
서울특별시 강동구 양재대로 1404-10,1948,2358,2638,690 
서울특별시 강동구 양재대로 1500-25,1732,1751,2724,992 
서울특별시 강동구 양재대로 1557,2812,2689,3709,897 
서울특별시 강동구 양재대로 1706,2338,2433,3097,759 
서울특별시 강동구 양재대로101길 46,2128,2465,2334,206 
서울특별시 강동구 양재대로101길 5,1887,1556,2043,156 
서울특별시 강동구 양재대로101길 51-10,1745,2051,2062,317 
서울특별시 강동구 양재대로101길 51-16,1723,0,2013,290 
서울특별시 강동구 양재대로102길 11,2340,2336,2711,371 
서울특별시 강동구 양재대로111길 54,1652,1935,2038,386 
서울특별시 강동구 양재대로112길 17,2066,2412,2484,418 
서울특별시 강동구 양재대로112길 77,1882,1867,2721,839 
서울특별시 강동구 양재대로113길 50,1838,2111,2220,382 
서울특별시 강동구 양재대로115길 7,1802,0,2176,374 
서울특별시 강동구 양재대로121길 16,1175,0,1823,648 
서울특별시 강동구 양재대로121길 22,1868,2104,2087,219 
서울특별시 강동구 양재대로121길 26,1469,0,1415,-54 
서울특별시 강동구 양재대로121길 31,1663,1748,2043,380 
서울특별시 강동구 양재대로121길 50,1603,1948,1974,371 
서울특별시 강동구 양재대로122가길 14,1735,1925,1919,184 
서울특별시 강동구 양재대로122가길 26,1786,1747,1854,68 
서울특별시 강동구 양재대로123길 30,1983,2126,2242,259 
서울특별시 강동구 양재대로123길 31,1858,1560,2123,265 
서울특별시 강동구 양재대로124길 32,1956,1673,2041,85 
서울특별시 강동구 양재대로125길 19,1817,1670,2298,481 
서울특별시 강동구 양재대로126길 49,1566,1554,1593,27 
서울특별시 강동구 양재대로130길 13,1647,0,1981,334 
서울특별시 강동구 양재대로131가길 19,1711,1606,1921,210 
서울특별시 강동구 양재대로131길 27,1542,1686,1741,199 
서울특별시 강동구 양재대로133길 51,1924,0,2456,532 
서울특별시 강동구 양재대로134길 87,2085,2399,2919,834 
서울특별시 강동구 양재대로81길 16,2425,2648,3023,598 
서울특별시 강동구 양재대로81길 90,1683,2235,1970,287 
서울특별시 강동구 양재대로85길 55,2548,2441,2376,-172 
서울특별시 강동구 양재대로85길 60,2504,2858,2875,371 
서울특별시 강동구 양재대로87길 18,1821,0,2132,311 
서울특별시 강동구 양재대로89길 16,1861,1523,1647,-214 
서울특별시 강동구 양재대로91가길 70,1614,0,1807,193 
서울특별시 강동구 양재대로91가길 98,2273,2643,2192,-81 
서울특별시 강동구 양재대로91길 23,1587,0,2063,476 
서울특별시 강동구 양재대로91길 47,2292,2364,2065,-227 
서울특별시 강동구 양재대로91나길 44,1774,0,2580,806 
서울특별시 강동구 양재대로91나길 94,2064,0,2237,173 
서울특별시 강동구 양재대로95길 53,2034,2331,2370,336 
서울특별시 강동구 양재대로95길 60,1830,1686,2103,273 
서울특별시 강동구 양재대로95길 74,2145,1895,1993,-152 
서울특별시 강동구 양재대로96길 79,2636,3333,4041,1405 
서울특별시 강동구 양재대로98길 26,1572,1684,1814,242 
서울특별시 강동구 올림픽로 568-12,1942,1550,2039,97 
서울특별시 강동구 올림픽로 572,2370,2200,2733,363 
서울특별시 강동구 올림픽로 660,1787,1980,2141,354 
서울특별시 강동구 올림픽로 664,1904,2174,2468,564 
서울특별시 강동구 올림픽로104길 14,1898,0,2334,436 
서울특별시 강동구 올림픽로104길 32,2200,2100,2583,383 
서울특별시 강동구 올림픽로104길 41,2196,2891,3590,1394 
서울특별시 강동구 올림픽로104길 42,2224,2739,3361,1137 
서울특별시 강동구 올림픽로104길 8,1671,0,2187,516 
서울특별시 강동구 올림픽로70길 61,1746,1736,1788,42 
서울특별시 강동구 올림픽로78길 11-29,1851,0,2321,470 
서울특별시 강동구 올림픽로81길 15,2214,2442,2874,660 
서울특별시 강동구 올림픽로88길 7,1699,0,1857,158 
서울특별시 강동구 올림픽로89길 24,1359,0,1627,268 
서울특별시 강동구 올림픽로89길 39-4,2653,2884,3508,855 
서울특별시 강동구 올림픽로89길 55,2574,3169,4465,1891 
서울특별시 강동구 올림픽로89길 57,2456,3339,3476,1020 
서울특별시 강동구 올림픽로89길 58,2684,3320,3485,801 
서울특별시 강동구 올림픽로91길 25,1667,0,1596,-71 
서울특별시 강동구 올림픽로92길 61,2282,2400,3014,732 
서울특별시 강동구 올림픽로92길 7-9,1676,0,1624,-52 
서울특별시 강동구 올림픽로98가길 47,2002,2306,2146,144 
서울특별시 강동구 진황도로 100,1614,1573,1724,110 
서울특별시 강동구 진황도로 12,2438,1800,3439,1001 
서울특별시 강동구 진황도로 123,1915,0,2206,291 
서울특별시 강동구 진황도로 145,1639,0,1678,39 
서울특별시 강동구 진황도로 18,1899,2195,3503,1604 
서울특별시 강동구 진황도로 211,2162,2714,2957,795 
서울특별시 강동구 진황도로 212,2369,2900,3736,1367 
서울특별시 강동구 진황도로 47-2,2444,2769,3096,652 
서울특별시 강동구 진황도로 85,2548,2466,2466,-82 
서울특별시 강동구 진황도로 87,2612,2724,2861,249 
서울특별시 강동구 진황도로 99,1739,1888,2002,263 
서울특별시 강동구 진황도로31길 26,1969,2437,2582,613 
서울특별시 강동구 진황도로31길 6,1854,1874,1947,93 
서울특별시 강동구 진황도로49길 59,1749,0,1972,223 
서울특별시 강동구 진황도로49길 64,1693,0,1949,256 
서울특별시 강동구 진황도로61길 18,2586,2828,2821,235 
서울특별시 강동구 진황도로61길 7,2292,2603,3205,913 
서울특별시 강동구 천중로 161,1763,2228,2136,373 
서울특별시 강동구 천중로 177,1587,1638,2363,776 
서울특별시 강동구 천중로 200,2724,2635,2654,-70 
서울특별시 강동구 천중로 220,1117,0,1557,440 
서울특별시 강동구 천중로 221,1834,1522,2115,281 
서울특별시 강동구 천중로 232,1561,1624,1737,176 
서울특별시 강동구 천중로 264,2026,2854,2927,901 
서울특별시 강동구 천중로12길 17,1775,2191,2312,537 
서울특별시 강동구 천중로12길 27,1659,0,2098,439 
서울특별시 강동구 천중로17길 42-10,1538,1561,1916,378 
서울특별시 강동구 천중로21길 61,1648,1761,1760,112 
서울특별시 강동구 천중로35가길 15,1767,1830,2326,559 
서울특별시 강동구 천중로38가길 32,1540,0,1623,83 
서울특별시 강동구 천중로39길 19,1742,1739,1862,120 
서울특별시 강동구 천중로39길 19-17,1573,1554,1806,233 
서울특별시 강동구 천중로39길 22,1663,1799,2316,653 
서울특별시 강동구 천중로39길 33,1587,1834,2017,430 
서울특별시 강동구 천중로39길 69,1718,1999,2092,374 
서울특별시 강동구 천중로40길 12,1552,1441,2022,470 
서울특별시 강동구 천중로42길 53,2164,0,2441,277 
서울특별시 강동구 천중로42길 54,1627,1771,1980,353 
서울특별시 강동구 천중로42길 69,2412,2331,2586,174 
서울특별시 강동구 천중로43길 17,1869,2024,2001,132 
서울특별시 강동구 천중로44길 40,1851,1826,1936,85 
서울특별시 강동구 천중로44길 74,1846,1964,2541,695 
서울특별시 강동구 천중로44길 75,1788,1855,2728,940 
서울특별시 강동구 천중로44길 82,1850,0,2059,209 
서울특별시 강동구 천중로48길 8,1379,1864,1942,563 
서울특별시 강동구 천중로49가길 56,2137,2316,2115,-22 
서울특별시 강동구 천중로49길 11,1889,1832,1947,58 
서울특별시 강동구 천중로49길 58,1902,2104,2606,704 
서울특별시 강동구 천중로49길 76,1324,991,1347,23 
서울특별시 강동구 천중로49길 95,1664,1778,2043,379 
서울특별시 강동구 천중로50길 11-12,2136,2136,2138,2 
서울특별시 강동구 천중로50길 11-13,1427,0,1738,311 
서울특별시 강동구 천중로50길 48-12,2197,2422,2747,550 
서울특별시 강동구 천중로52길 24-1,2203,0,2258,55 
서울특별시 강동구 천중로52길 9-10,1583,0,1724,141 
서울특별시 강동구 천중로53길 6,2082,2024,2218,136 
서울특별시 강동구 천중로54길 9-14,1800,0,1994,194 
서울특별시 강동구 천중로56길 13,2140,1834,1944,-196 
서울특별시 강동구 천중로56길 41,1608,1809,1802,194 
서울특별시 강동구 천호대로 1044-12,2060,2312,2294,234 
서울특별시 강동구 천호대로 1055,2244,2741,3403,1159 
서울특별시 강동구 천호대로 1065,1850,1930,2304,454 
서울특별시 강동구 천호대로 1077,4073,4777,5646,1573 
서울특별시 강동구 천호대로 1078,1869,0,2487,618 
서울특별시 강동구 천호대로 1087,2090,2530,2748,658 
서울특별시 강동구 천호대로 1089,2613,3336,3444,831 
서울특별시 강동구 천호대로 1092,2716,2780,3051,335 
서울특별시 강동구 천호대로 1095,2061,1363,2304,243 
서울특별시 강동구 천호대로 1107,1926,2058,2408,482 
서울특별시 강동구 천호대로 1120,1472,2235,2487,1015 
서울특별시 강동구 천호대로 1132-18,1987,2114,2506,519 
서울특별시 강동구 천호대로 1152,1764,0,2517,753 
서울특별시 강동구 천호대로 1156-16,2201,0,3093,892 
서울특별시 강동구 천호대로 1162,1836,2070,2029,193 
서울특별시 강동구 천호대로 1176,2755,3138,2784,29 
서울특별시 강동구 천호대로 1231,2215,2644,2815,600 
서울특별시 강동구 천호대로 1239,2690,2321,3027,337 
서울특별시 강동구 천호대로 1240,2258,2148,3024,766 
서울특별시 강동구 천호대로162길 34,1969,2188,2213,244 
서울특별시 강동구 천호대로162길 35,2018,2625,2458,440 
서울특별시 강동구 천호대로162길 73,1956,2378,2678,722 
서울특별시 강동구 천호대로167길 26,3642,3559,3397,-245 
서울특별시 강동구 천호대로168길 25,2002,2972,3275,1273 
서울특별시 강동구 천호대로168길 51,2435,2725,3593,1158 
서울특별시 강동구 천호대로168길 58,2040,2777,3246,1206 
서울특별시 강동구 천호대로170길 13,1775,1944,2167,392 
서울특별시 강동구 천호대로173길 50,1478,0,1810,332 
서울특별시 강동구 천호대로174길 16,3271,3105,2940,-331 
서울특별시 강동구 천호대로174길 36,1834,0,2420,586 
서울특별시 강동구 천호대로174길 53,1794,0,2539,745 
서울특별시 강동구 천호대로175길 10,2891,2732,2582,-309 
서울특별시 강동구 천호대로175길 16,2853,2774,2906,53 
서울특별시 강동구 천호대로175길 42,3024,2835,2835,-189 
서울특별시 강동구 천호대로177길 55,1548,1455,1513,-35 
서울특별시 강동구 천호대로177길 9,2622,2185,2393,-229 
서울특별시 강동구 천호대로182길 12-6,1534,1476,1804,270 
서울특별시 강동구 천호대로186길 23-9,1448,0,1455,7 
서울특별시 강동구 천호대로188길 26,1804,2139,2287,483 
서울특별시 강동구 천호대로193길 26,1930,1833,1853,-77 
서울특별시 강동구 천호대로193길 37,2293,2823,3857,1564 
서울특별시 강동구 천호대로197길 70,1545,2147,2054,509 
서울특별시 강동구 천호대로197길 84,1823,1770,2100,277 
서울특별시 강동구 천호대로198길 36,2496,3222,3230,734 
서울특별시 강동구 천호대로199길 40,1610,1971,2197,587 
서울특별시 강동구 천호옛12길 27,2599,2689,2732,133 
서울특별시 강동구 천호옛14길 28-39,2043,2310,2613,570 
서울특별시 강동구 천호옛길 30,2118,2642,3381,1263 
서울특별시 강동구 천호옛길 41,2041,0,2483,442 
서울특별시 강동구 천호옛길 43,1957,0,2526,569 
서울특별시 강동구 풍성로 114-1,2555,2882,3194,639 
서울특별시 강동구 풍성로 127,2811,3307,3772,961 
서울특별시 강동구 풍성로 128,2417,3009,3381,964 
서울특별시 강동구 풍성로 191,1722,2119,2916,1194 
서울특별시 강동구 풍성로 196,2784,2524,3136,352 
서울특별시 강동구 풍성로 197,1632,0,2104,472 
서울특별시 강동구 풍성로 203,2333,2673,3282,949 
서울특별시 강동구 풍성로 239,1933,0,2100,167 
서울특별시 강동구 풍성로 91,1952,0,2901,949 
서울특별시 강동구 풍성로37길 54,2172,2763,3323,1151 
서울특별시 강동구 풍성로37길 55,2055,2104,2829,774 
서울특별시 강동구 풍성로38길 22,2902,2951,3475,573 
서울특별시 강동구 풍성로51길 8,2817,2870,2739,-78 
서울특별시 강동구 풍성로52길 15,2173,0,2392,219 
서울특별시 강동구 풍성로52길 41,1485,1932,2164,679 
서울특별시 강동구 풍성로53길 40,2075,1843,2555,480 
서울특별시 강동구 풍성로54길 12-11,2376,2390,2776,400 
서울특별시 강동구 풍성로54길 7,2404,2569,2408,4 
서울특별시 강동구 풍성로55길 52,1680,1875,1956,276 
서울특별시 강동구 풍성로55길 6,2040,2044,2332,292 
서울특별시 강동구 풍성로56길 15,1456,1669,1669,213 
서울특별시 강동구 풍성로61길 10-14,1528,0,1794,266 
서울특별시 강동구 풍성로65길 29,1784,2096,2656,872 
서울특별시 강동구 풍성로65길 34,2433,2676,3515,1082 
서울특별시 강북구 4.19로 19-10,976,1348,1149,173 
서울특별시 강북구 4.19로11길 16,946,1098,1101,155 
서울특별시 강북구 4.19로1길 33,1150,0,1192,42 
서울특별시 강북구 4.19로9길 17,1642,1931,1682,40 
서울특별시 강북구 노해로8길 16,1595,0,1867,272 
서울특별시 강북구 노해로8길 22,1912,1912,1912,0 
서울특별시 강북구 덕릉로 12,733,699,564,-169 
서울특별시 강북구 덕릉로 76,2241,2299,2465,224 
서울특별시 강북구 덕릉로41길 12,1708,2092,2231,523 
서울특별시 강북구 덕릉로41길 15,1883,2190,2252,369 
서울특별시 강북구 도봉로 157,1086,1500,1635,549 
서울특별시 강북구 도봉로 261,1453,1351,1233,-220 
서울특별시 강북구 도봉로 290,2654,2584,2523,-131 
서울특별시 강북구 도봉로 352,1546,1778,1724,178 
서울특별시 강북구 도봉로20가길 7,1196,0,1386,190 
서울특별시 강북구 도봉로20길 29,1616,1761,2436,820 
서울특별시 강북구 도봉로28길 22,1219,0,846,-373 
서울특별시 강북구 도봉로33길 18,1586,1716,1802,216 
서울특별시 강북구 도봉로68길 26,1628,1788,2040,412 
서울특별시 강북구 도봉로71가길 16,2361,0,2858,497 
서울특별시 강북구 도봉로71가길 30-5,1482,1801,1552,70 
서울특별시 강북구 도봉로71가길 35,1755,1753,1695,-60 
서울특별시 강북구 도봉로76가길 15,1437,1668,1736,299 
서울특별시 강북구 도봉로76길 52,1282,1329,1680,398 
서울특별시 강북구 도봉로81길 24-1,932,0,943,11 
서울특별시 강북구 도봉로98길 33,1582,1818,1902,320 
서울특별시 강북구 삼각산로 143-1,1447,1427,1779,332 
서울특별시 강북구 삼양로 256,1706,2578,2727,1021 
서울특별시 강북구 삼양로 658,1258,1379,1563,305 
서울특별시 강북구 삼양로 670,1313,0,1358,45 
서울특별시 강북구 삼양로112길 15,1750,1011,1314,-436 
서울특별시 강북구 삼양로129길 11-4,948,1068,953,5 
서울특별시 강북구 삼양로130길 9-21,1435,1616,1311,-124 
서울특별시 강북구 삼양로131길 23-8,974,0,1068,94 
서울특별시 강북구 삼양로149길 45,1593,2120,1787,194 
서울특별시 강북구 삼양로171길 21,1274,1289,1422,148 
서울특별시 강북구 삼양로19길 113,1627,1831,2003,376 
서울특별시 강북구 삼양로19길 25,2176,2990,3030,854 
서울특별시 강북구 삼양로24길 19,1512,1690,2080,568 
서울특별시 강북구 삼양로27길 19,2297,2662,3242,945 
서울특별시 강북구 삼양로27길 80,1858,2330,2680,822 
서울특별시 강북구 삼양로27길 95,1994,2965,2887,893 
서울특별시 강북구 삼양로74길 8,1677,1980,2076,399 
서울특별시 강북구 삼양로80길 55,1260,1283,1420,160 
서울특별시 강북구 솔매로 145-6,1268,0,1402,134 
서울특별시 강북구 솔샘로 159,1556,1424,1982,426 
서울특별시 강북구 솔샘로 174,1761,2140,2171,410 
서울특별시 강북구 수유로23길 48,1636,1729,1855,219 
서울특별시 강북구 숭인로 39,2733,2525,4386,1653 
서울특별시 강북구 숭인로7가길 37,2196,3210,3177,981 
서울특별시 강북구 오패산로30길 30,1678,2294,2375,697 
서울특별시 강북구 오패산로60길 17-7,1137,1472,1399,262 
서울특별시 강북구 오패산로60길 21,1080,1365,1338,258 
서울특별시 강북구 오패산로60길 22,1356,1628,1734,378 
서울특별시 강북구 오현로 128,1106,1594,1642,536 
서울특별시 강북구 오현로 132,1405,0,1717,312 
서울특별시 강북구 오현로 134,1383,0,1671,288 
서울특별시 강북구 오현로 137,1007,1138,1173,166 
서울특별시 강북구 오현로 140,1232,1263,1640,408 
서울특별시 강북구 오현로 141,1016,1016,1485,469 
서울특별시 강북구 오현로 156,1408,1768,1954,546 
서울특별시 강북구 오현로 180,1625,1672,1821,196 
서울특별시 강북구 오현로 207,1645,1672,2127,482 
서울특별시 강북구 오현로 56,2330,3054,3606,1276 
서울특별시 강북구 오현로31길 85-7,1532,1399,2016,484 
서울특별시 강북구 오현로31길 89,1479,1462,1751,272 
서울특별시 강북구 월계로21가길 41,1506,1700,1952,446 
서울특별시 강북구 월계로21다길 17,843,913,1360,517 
서울특별시 강북구 월계로37길 137,1332,1514,1629,297 
서울특별시 강북구 월계로37길 137-8,1091,0,1279,188 
서울특별시 강북구 월계로37길 65,1551,1611,1612,61 
서울특별시 강북구 월계로37길 87-9,1469,1521,1830,361 
서울특별시 강북구 인수봉로 18,1508,0,2123,615 
서울특별시 강북구 인수봉로72길 4,1225,1475,1493,268 
서울특별시 강북구 한천로 1131,1463,1484,1987,524 
서울특별시 강북구 한천로 1139-2,1572,1454,1903,331 
서울특별시 강북구 한천로 936,1655,1701,1737,82 
서울특별시 강북구 한천로105길 23,1786,2040,2457,671 
서울특별시 강북구 한천로109길 69,1325,1481,1520,195 
서울특별시 강북구 한천로109길 83,1556,1621,1692,136 
서울특별시 강북구 한천로124나길 10,1239,1162,1512,273 
서울특별시 강북구 한천로130길 13,1185,0,1412,227 
서울특별시 강북구 한천로139길 42,1166,1166,1353,187 
서울특별시 강북구 한천로140길 11-13,1274,1163,1258,-16 
서울특별시 강북구 한천로150길 37,936,0,1163,227 
서울특별시 강북구 한천로159길 8,1940,2034,2223,283 
서울특별시 강서구 강서로 130-7,1376,1450,1524,148 
서울특별시 강서구 강서로 266,3143,2841,3943,800 
서울특별시 강서구 강서로 348,3284,4039,3936,652 
서울특별시 강서구 강서로 43-10,1100,1263,1123,23 
서울특별시 강서구 강서로 43-18,1309,1491,1687,378 
서울특별시 강서구 강서로 43-6,2967,0,2653,-314 
서울특별시 강서구 강서로 490,2449,2797,3301,852 
서울특별시 강서구 강서로 532,2078,2230,2464,386 
서울특별시 강서구 강서로10길 193,1391,1536,1416,25 
서울특별시 강서구 강서로12길 44,1251,0,1461,210 
서울특별시 강서구 강서로17가길 46,1354,1433,1755,401 
서울특별시 강서구 강서로17나길 33-17,1101,0,1216,115 
서울특별시 강서구 강서로17다길 16-9,1076,1127,1346,270 
서울특별시 강서구 강서로17라길 3,795,861,1040,245 
서울특별시 강서구 강서로33가길 86,1864,0,2153,289 
서울특별시 강서구 강서로37길 75,1291,0,1504,213 
서울특별시 강서구 강서로37길 78,1565,1526,1675,110 
서울특별시 강서구 강서로41길 20,1597,1828,1918,321 
서울특별시 강서구 강서로43길 17,1690,1900,1886,196 
서울특별시 강서구 강서로43길 28,1636,2211,2013,377 
서울특별시 강서구 강서로45길 104,2006,1760,2110,104 
서울특별시 강서구 강서로45길 138,1864,1764,2020,156 
서울특별시 강서구 강서로45길 18,1923,2112,2369,446 
서울특별시 강서구 강서로45길 49-4,2306,0,3400,1094 
서울특별시 강서구 강서로45나길 15,2051,2184,2319,268 
서울특별시 강서구 강서로45다길 12-9,1359,0,1936,577 
서울특별시 강서구 강서로45다길 30-17,2215,2144,2320,105 
서울특별시 강서구 강서로45다길 30-27,2334,2606,2998,664 
서울특별시 강서구 강서로45라길 15,1873,0,2059,186 
서울특별시 강서구 강서로45라길 52,1815,0,2234,419 
서울특별시 강서구 강서로46길 60,1945,0,2453,508 
서울특별시 강서구 강서로46길 78,1884,0,2862,978 
서울특별시 강서구 강서로46길 79,2019,2307,2582,563 
서울특별시 강서구 강서로47가길 20-35,1754,0,2195,441 
서울특별시 강서구 강서로47길 108,2554,2850,3182,628 
서울특별시 강서구 강서로47길 158,2600,3201,3468,868 
서울특별시 강서구 강서로47길 80,2022,1964,2199,177 
서울특별시 강서구 강서로47나길 39,1675,1981,2028,353 
서울특별시 강서구 강서로47다길 10-3,1627,0,2209,582 
서울특별시 강서구 강서로47다길 10-6,1367,1857,1776,409 
서울특별시 강서구 강서로47다길 28,1704,1790,2047,343 
서울특별시 강서구 강서로47라길 22,1638,1975,2252,614 
서울특별시 강서구 강서로47라길 48-7,1654,0,1935,281 
서울특별시 강서구 강서로47라길 79,1851,2060,2048,197 
서울특별시 강서구 강서로47마길 37-4,1855,1693,2120,265 
서울특별시 강서구 강서로47마길 71,2001,2332,2318,317 
서울특별시 강서구 강서로47바길 43,1268,1519,1540,272 
서울특별시 강서구 강서로56나길 110,2377,2660,3233,856 
서울특별시 강서구 강서로56나길 37,2947,3737,3728,781 
서울특별시 강서구 강서로5나길 104,1281,1322,1453,172 
서울특별시 강서구 강서로5나길 130-5,1681,0,1782,101 
서울특별시 강서구 강서로5나길 50,1195,1069,1092,-103 
서울특별시 강서구 강서로5나길 83,1065,1071,1337,272 
서울특별시 강서구 강서로5라길 58,1500,1491,1807,307 
서울특별시 강서구 강서로68길 108,1934,2280,2448,514 
서울특별시 강서구 강서로68길 36,2610,3383,3519,909 
서울특별시 강서구 강서로7길 107,2190,2273,1855,-335 
서울특별시 강서구 강서로7길 118,1458,1503,2031,573 
서울특별시 강서구 강서로7길 141,972,0,1511,539 
서울특별시 강서구 강서로7길 20-10,2195,2289,1832,-363 
서울특별시 강서구 강서로7길 28,1210,1355,1410,200 
서울특별시 강서구 강서로7길 52-11,1118,0,1314,196 
서울특별시 강서구 강서로7길 70,2358,2507,2552,194 
서울특별시 강서구 강서로7길 82,1394,1495,1717,323 
서울특별시 강서구 강서로8길 11,2012,1800,2108,96 
서울특별시 강서구 개화동로25길 39,1718,2435,3007,1289 
서울특별시 강서구 개화동로27가길 33,2260,2237,2163,-97 
서울특별시 강서구 개화동로27길 43,2170,2532,3616,1446 
서울특별시 강서구 곰달래로 110,1441,1590,1586,145 
서울특별시 강서구 곰달래로 110-1,2011,0,2941,930 
서울특별시 강서구 곰달래로 64,1163,1132,1533,370 
서울특별시 강서구 곰달래로 96,1649,1385,2010,361 
서울특별시 강서구 곰달래로18길 15-3,1674,1612,1776,102 
서울특별시 강서구 곰달래로18길 3,1881,2161,2045,164 
서울특별시 강서구 곰달래로18길 33-13,1204,1226,1281,77 
서울특별시 강서구 곰달래로20길 12,1163,1284,1338,175 
서울특별시 강서구 곰달래로20길 18,1733,1861,1921,188 
서울특별시 강서구 곰달래로20길 31-10,1160,1202,1318,158 
서울특별시 강서구 곰달래로20길 31-11,1052,902,1002,-50 
서울특별시 강서구 곰달래로20길 31-19,1306,1301,1306,0 
서울특별시 강서구 곰달래로20길 31-5,1623,1488,1522,-101 
서울특별시 강서구 곰달래로20길 31-7,2545,2438,2222,-323 
서울특별시 강서구 곰달래로22길 15,1985,1917,2062,77 
서울특별시 강서구 곰달래로22길 18,1706,1742,1862,156 
서울특별시 강서구 곰달래로22길 27,2149,2266,2268,119 
서울특별시 강서구 곰달래로23길 16,1598,1603,1728,130 
서울특별시 강서구 곰달래로23길 20,2698,2547,2651,-47 
서울특별시 강서구 곰달래로23길 26,2604,2511,2938,334 
서울특별시 강서구 곰달래로23길 8,1172,0,1307,135 
서울특별시 강서구 곰달래로24길 12,2824,2586,2920,96 
서울특별시 강서구 곰달래로24길 4,2974,2592,2547,-427 
서울특별시 강서구 곰달래로26길 12,1949,2174,2282,333 
서울특별시 강서구 곰달래로26길 15,975,0,1198,223 
서울특별시 강서구 곰달래로31마길 43,1136,1045,1068,-68 
서울특별시 강서구 곰달래로35길 116,1458,1349,1706,248 
서울특별시 강서구 곰달래로56길 39,1465,1583,1584,119 
서울특별시 강서구 곰달래로59길 36,1482,1907,2149,667 
서울특별시 강서구 공항대로 124,4460,4402,4956,496 
서울특별시 강서구 공항대로 140,3887,3926,4148,261 
서울특별시 강서구 공항대로 351-21,2253,2600,2812,559 
서울특별시 강서구 공항대로 382,2030,1939,2481,451 
서울특별시 강서구 공항대로 637,2396,2830,3632,1236 
서울특별시 강서구 공항대로36가길 66,1831,0,1979,148 
서울특별시 강서구 공항대로39길 100,1917,1960,2671,754 
서울특별시 강서구 공항대로39길 74,2772,3380,3511,739 
서울특별시 강서구 공항대로42길 23-8,1740,1847,2022,282 
서울특별시 강서구 공항대로42길 51-8,1582,2060,2281,699 
서울특별시 강서구 공항대로42길 54-26,2363,2059,3134,771 
서울특별시 강서구 공항대로43길 104,2772,3251,3452,680 
서울특별시 강서구 공항대로45길 24,1641,2100,2379,738 
서울특별시 강서구 공항대로45길 68-6,2355,3045,3028,673 
서울특별시 강서구 공항대로46길 28,2355,2265,2158,-197 
서울특별시 강서구 공항대로48길 12,2034,1612,1531,-503 
서울특별시 강서구 공항대로4길 17,1357,0,1485,128 
서울특별시 강서구 공항대로4길 21,1461,1649,1378,-83 
서울특별시 강서구 공항대로51길 23,1796,0,2250,454 
서울특별시 강서구 공항대로55길 19,2273,2264,2719,446 
서울특별시 강서구 공항대로55길 50,2181,2243,2769,588 
서울특별시 강서구 공항대로55길 9-37,1735,0,1985,250 
서울특별시 강서구 공항대로58다길 13,1484,1341,1529,45 
서울특별시 강서구 공항대로59길 103,2351,2401,3252,901 
서울특별시 강서구 공항대로59길 35,2504,2123,2223,-281 
서울특별시 강서구 공항대로59길 64,1884,2331,2733,849 
서울특별시 강서구 공항대로59다길 1,1598,2037,2296,698 
서울특별시 강서구 공항대로59다길 61,2214,2439,3095,881 
서울특별시 강서구 공항대로61길 43,2329,2865,2680,351 
서울특별시 강서구 공항대로61길 60,2079,2487,2862,783 
서울특별시 강서구 공항대로63길 14,1874,2136,2662,788 
서울특별시 강서구 공항대로63길 16,2369,3343,3906,1537 
서울특별시 강서구 공항대로65가길 17,1509,0,1724,215 
서울특별시 강서구 공항대로65가길 49,1698,0,1783,85 
서울특별시 강서구 공항대로65길 21,2558,3201,2962,404 
서울특별시 강서구 공항대로71길 31,2081,2961,3529,1448 
서울특별시 강서구 공항대로71길 49,1806,2233,2516,710 
서울특별시 강서구 공항대로71길 54,2085,2874,3430,1345 
서울특별시 강서구 공항대로75길 17,3122,3536,3354,232 
서울특별시 강서구 공항대로75길 42,2034,2527,2830,796 
서울특별시 강서구 국회대로7길 157,1543,0,1382,-161 
서울특별시 강서구 국회대로7길 91,1396,1177,1197,-199 
서울특별시 강서구 금낭화로 12,1622,1982,2236,614 
서울특별시 강서구 금낭화로 162,2416,2760,2760,344 
서울특별시 강서구 금낭화로 167,1478,2009,2033,555 
서울특별시 강서구 금낭화로 258,1593,1810,2054,461 
서울특별시 강서구 금낭화로 287-19,2339,3092,3110,771 
서울특별시 강서구 금낭화로 32,1452,0,1617,165 
서울특별시 강서구 금낭화로13길 36,1659,0,1856,197 
서울특별시 강서구 금낭화로15길 33-5,1366,1733,1745,379 
서울특별시 강서구 금낭화로23길 8,2040,2297,2472,432 
서울특별시 강서구 금낭화로24가길 28,1631,2519,2129,498 
서울특별시 강서구 금낭화로24가길 6,2037,0,2608,571 
서울특별시 강서구 까치산로 160-9,1346,1410,1458,112 
서울특별시 강서구 까치산로12길 7,1246,1054,1297,51 
서울특별시 강서구 까치산로14길 26-10,1277,0,1684,407 
서울특별시 강서구 까치산로24가길 10-3,966,0,1403,437 
서울특별시 강서구 까치산로2길 58,1255,1482,1330,75 
서울특별시 강서구 까치산로4길 98-23,909,0,1124,215 
서울특별시 강서구 까치산로4길 98-25,997,0,1061,64 
서울특별시 강서구 남부순환로 11,2252,2520,2497,245 
서울특별시 강서구 등촌로 113,1753,2430,2844,1091 
서울특별시 강서구 등촌로 137,2101,2156,2719,618 
서울특별시 강서구 등촌로 163,2066,2815,2905,839 
서울특별시 강서구 등촌로 91,1944,2392,2661,717 
서울특별시 강서구 등촌로13다길 29,1341,1403,1475,134 
서울특별시 강서구 등촌로13마길 29-3,1347,1188,1584,237 
서울특별시 강서구 등촌로13바길 18-11,1386,1584,2176,790 
서울특별시 강서구 등촌로13바길 28-11,1134,1107,1198,64 
서울특별시 강서구 등촌로13바길 28-7,1216,0,1099,-117 
서울특별시 강서구 등촌로13아길 44,1502,1460,1293,-209 
서울특별시 강서구 등촌로13자길 39-10,1183,1254,1228,45 
서울특별시 강서구 등촌로13자길 51,1093,922,1161,68 
서울특별시 강서구 등촌로13자길 74,1164,1477,1748,584 
서울특별시 강서구 등촌로13자길 79,1285,1454,1591,306 
서울특별시 강서구 등촌로39길 63-36,1377,1398,1573,196 
서울특별시 강서구 등촌로51가길 15,1616,1737,1735,119 
서울특별시 강서구 등촌로51길 128,1434,1609,1650,216 
서울특별시 강서구 등촌로53길 39,2153,1856,2725,572 
서울특별시 강서구 마곡서1로 100,3431,4074,4138,707 
서울특별시 강서구 마곡서1로 111-11,2686,3347,4352,1666 
서울특별시 강서구 마곡서1로 131,3345,3944,4041,696 
서울특별시 강서구 마곡서1로 132,3418,3520,3705,287 
서울특별시 강서구 마곡서1로 146,3266,3762,3750,484 
서울특별시 강서구 마곡서1로 81,4084,3499,4296,212 
서울특별시 강서구 마곡서로 133,3424,3405,4953,1529 
서울특별시 강서구 마곡서로 175,3500,3103,4473,973 
서울특별시 강서구 마곡중앙1로 71,3622,4566,4877,1255 
서울특별시 강서구 마곡중앙1로 72,3448,3693,4004,556 
서울특별시 강서구 마곡중앙3로 74,3823,3653,4901,1078 
서울특별시 강서구 마곡중앙로 33,3330,3499,4150,820 
서울특별시 강서구 마곡중앙로 36,3066,3507,4300,1234 
서울특별시 강서구 방화대로 259,1891,2115,2466,575 
서울특별시 강서구 방화대로 319,2052,2713,2641,589 
서울특별시 강서구 방화대로34길 110,2751,3053,3253,502 
서울특별시 강서구 방화대로34길 113,1945,2725,3083,1138 
서울특별시 강서구 방화대로34길 62,2436,2613,2988,552 
서울특별시 강서구 방화대로34길 88,2808,2665,3494,686 
서울특별시 강서구 방화대로37길 15,2278,2567,2778,500 
서울특별시 강서구 방화대로37길 26,1864,2728,2454,590 
서울특별시 강서구 방화대로37길 35,1742,2116,2291,549 
서울특별시 강서구 방화대로40길 66,1786,2225,2315,529 
서울특별시 강서구 방화대로41길 6,2307,2913,3089,782 
서울특별시 강서구 방화대로41길 9,2499,0,2815,316 
서울특별시 강서구 방화대로44길 42,1946,2128,2261,315 
서울특별시 강서구 방화대로45길 32,2005,2124,2410,405 
서울특별시 강서구 방화대로45길 78,1690,0,2331,641 
서울특별시 강서구 방화대로47가길 22,1428,1716,1965,537 
서울특별시 강서구 방화대로47길 55,2180,2213,2658,478 
서울특별시 강서구 방화대로48길 40,2108,2596,2569,461 
서울특별시 강서구 방화대로50길 7,1634,1937,2543,909 
서울특별시 강서구 방화동로 126,1655,1606,1745,90 
서울특별시 강서구 수명로1길 110,2542,1636,2951,409 
서울특별시 강서구 수명로1길 16,2698,3309,3544,846 
서울특별시 강서구 수명로2가길 22,2026,2334,2616,590 
서울특별시 강서구 수명로2길 105,3046,3528,3568,522 
서울특별시 강서구 수명로2길 63,2290,2806,2903,613 
서울특별시 강서구 양천로 125,2025,2795,2296,271 
서울특별시 강서구 양천로 128,1603,1720,2025,422 
서울특별시 강서구 양천로 132,1673,1681,1994,321 
서울특별시 강서구 양천로 140,1983,1962,2304,321 
서울특별시 강서구 양천로 420,1930,2330,3036,1106 
서울특별시 강서구 양천로 489,2267,2756,2892,625 
서울특별시 강서구 양천로 497,1906,2971,2815,909 
서울특별시 강서구 양천로 507,2560,2718,3263,703 
서울특별시 강서구 양천로 521,1943,2759,2970,1027 
서울특별시 강서구 양천로 590,2289,2330,2796,507 
서울특별시 강서구 양천로 595,2218,2645,3508,1290 
서울특별시 강서구 양천로 613,2431,3690,3226,795 
서울특별시 강서구 양천로 637,2124,2753,2815,691 
서울특별시 강서구 양천로 656,2391,3302,3410,1019 
서울특별시 강서구 양천로 663,1943,2666,2724,781 
서울특별시 강서구 양천로 666,2411,2854,3456,1045 
서울특별시 강서구 양천로 686-5,1752,2099,2361,609 
서울특별시 강서구 양천로 706,1730,1973,2231,501 
서울특별시 강서구 양천로 731,2323,3261,2912,589 
서울특별시 강서구 양천로14가길 23,1787,2057,2326,539 
서울특별시 강서구 양천로14가길 35,1448,0,1281,-167 
서울특별시 강서구 양천로14길 118,1559,2098,2388,829 
서울특별시 강서구 양천로14길 17,1496,2026,1902,406 
서울특별시 강서구 양천로14길 37,1675,2062,2396,721 
서울특별시 강서구 양천로14길 61,2194,2309,2097,-97 
서울특별시 강서구 양천로14길 86-13,1882,1830,2361,479 
서울특별시 강서구 양천로14길 86-5,1327,1438,1635,308 
서울특별시 강서구 양천로18길 27,1731,2420,2237,506 
서울특별시 강서구 양천로1길 117,1690,2373,2276,586 
서울특별시 강서구 양천로23길 8,1859,2350,2712,853 
서울특별시 강서구 양천로23길 9,1887,2409,2677,790 
서울특별시 강서구 양천로24가길 59,1943,2478,2660,717 
서울특별시 강서구 양천로24길 34,1748,2124,2194,446 
서울특별시 강서구 양천로24길 54-9,2137,2110,2474,337 
서울특별시 강서구 양천로26길 103,2127,2060,2914,787 
서울특별시 강서구 양천로26길 38,2540,2465,3202,662 
서울특별시 강서구 양천로27길 129,1985,2229,2240,255 
서울특별시 강서구 양천로27길 95,1076,1286,1364,288 
서울특별시 강서구 양천로28길 29,2042,2420,2639,597 
서울특별시 강서구 양천로30길 108,2349,2420,2838,489 
서울특별시 강서구 양천로30길 123-9,2696,3576,3392,696 
서울특별시 강서구 양천로30길 77,2779,2566,4124,1345 
서울특별시 강서구 양천로30길 98,2413,3176,2930,517 
서울특별시 강서구 양천로3길 17,1709,2292,2688,979 
서울특별시 강서구 양천로47길 118,2097,2161,2524,427 
서울특별시 강서구 양천로47길 94,2308,2564,2678,370 
서울특별시 강서구 양천로47나길 13-8,1660,0,2408,748 
서울특별시 강서구 양천로49길 49-6,1386,0,1479,93 
서울특별시 강서구 양천로49길 77,1506,0,1888,382 
서울특별시 강서구 양천로53길 66,2036,1986,2781,745 
서울특별시 강서구 양천로55길 55,2690,3500,3141,451 
서울특별시 강서구 양천로62길 41,2012,2532,2846,834 
서울특별시 강서구 양천로62길 46,1911,2001,2228,317 
서울특별시 강서구 양천로63길 38,2310,2770,3330,1020 
서울특별시 강서구 양천로63길 51,2282,2819,3497,1215 
서울특별시 강서구 양천로63길 52,1840,2414,2537,697 
서울특별시 강서구 양천로65길 45,1774,3083,1846,72 
서울특별시 강서구 양천로65길 46,1825,2021,2318,493 
서울특별시 강서구 양천로66길 6,2048,2487,2640,592 
서울특별시 강서구 양천로67가길 49,1948,2064,2530,582 
서울특별시 강서구 양천로67가길 56,1822,2486,2608,786 
서울특별시 강서구 양천로67길 21,1690,1937,2246,556 
서울특별시 강서구 양천로67길 32,2077,2448,2857,780 
서울특별시 강서구 양천로67길 50-33,1712,1244,1988,276 
서울특별시 강서구 양천로67길 54,1940,2438,2764,824 
서울특별시 강서구 양천로67길 71-16,1869,0,2640,771 
서울특별시 강서구 양천로67길 77,1819,2394,2688,869 
서울특별시 강서구 양천로69길 18,2134,2095,2559,425 
서울특별시 강서구 양천로69길 58,2068,2806,2854,786 
서울특별시 강서구 양천로69길 65,1918,1851,3415,1497 
서울특별시 강서구 양천로6길 28,2003,2619,2573,570 
서울특별시 강서구 양천로6길 57,1751,2416,2434,683 
서울특별시 강서구 양천로71가길 21,1980,2233,2408,428 
서울특별시 강서구 양천로71가길 22,2250,2660,3186,936 
서울특별시 강서구 양천로71길 38,2307,2874,3145,838 
서울특별시 강서구 양천로71길 54,2128,2803,3192,1064 
서울특별시 강서구 양천로73가길 28,1638,2107,2520,882 
서울특별시 강서구 양천로73가길 38,1762,0,2444,682 
서울특별시 강서구 양천로73길 24,2431,2995,3474,1043 
서울특별시 강서구 양천로73길 5,1840,2088,2756,916 
서울특별시 강서구 양천로73길 6,1874,1940,2289,415 
서울특별시 강서구 양천로73길 80,2072,2292,3018,946 
서울특별시 강서구 양천로75길 19,2625,2737,3471,846 
서울특별시 강서구 양천로75길 22-21,2123,2235,2518,395 
서울특별시 강서구 양천로75길 57,1804,2218,2388,584 
서울특별시 강서구 양천로75길 60,1833,2588,2424,591 
서울특별시 강서구 양천로77길 27,1723,0,2227,504 
서울특별시 강서구 양천로77길 31,2048,0,2910,862 
서울특별시 강서구 양천로77길 45,2232,2476,2924,692 
서울특별시 강서구 양천로7길 8,1382,1154,1770,388 
서울특별시 강서구 우장산로 103,1536,1923,2143,607 
서울특별시 강서구 우장산로 21-8,1639,0,2246,607 
서울특별시 강서구 우장산로 38,1933,2109,2281,348 
서울특별시 강서구 우장산로 47,2324,3196,2618,294 
서울특별시 강서구 우장산로 8,2274,2575,2706,432 
서울특별시 강서구 우장산로 82,1691,1832,2056,365 
서울특별시 강서구 우장산로 92,2182,2330,2696,514 
서울특별시 강서구 우장산로15길 47,1856,2050,2039,183 
서울특별시 강서구 우장산로2길 21-22,1704,1967,2294,590 
서울특별시 강서구 우장산로2길 21-27,1883,2282,2190,307 
서울특별시 강서구 우장산로2길 25,769,0,1403,634 
서울특별시 강서구 우장산로4길 25,1794,2067,2335,541 
서울특별시 강서구 우장산로4길 40,1923,0,2492,569 
서울특별시 강서구 우장산로4길 60,1872,2165,2301,429 
서울특별시 강서구 우장산로6길 21,1669,0,2020,351 
서울특별시 강서구 우장산로6길 52,1877,2064,2250,373 
서울특별시 강서구 우장산로6길 8,1696,0,1825,129 
서울특별시 강서구 우장산로8길 23,1757,1601,2173,416 
서울특별시 강서구 우장산로8길 28-7,1384,1485,1701,317 
서울특별시 강서구 우장산로8길 29,1557,1551,1432,-125 
서울특별시 강서구 우장산로8길 42,1809,1620,1770,-39 
서울특별시 강서구 우장산로8길 54,1415,0,1744,329 
서울특별시 강서구 우현로 26,1835,2369,1976,141 
서울특별시 강서구 우현로 67,2972,2754,4047,1075 
서울특별시 강서구 월정로 160,1711,1411,1906,195 
서울특별시 강서구 월정로14길 38,951,951,1295,344 
서울특별시 강서구 월정로14길 64,973,0,1051,78 
서울특별시 강서구 월정로16길 38,1456,1340,1534,78 
서울특별시 강서구 월정로20길 62-7,1749,1749,1749,0 
서울특별시 강서구 월정로20길 68-6,1686,0,1820,134 
서울특별시 강서구 월정로20길 78,2231,2218,2110,-121 
서울특별시 강서구 월정로20길 86-4,2624,3007,3346,722 
서울특별시 강서구 월정로20길 96,1969,1756,1914,-55 
서울특별시 강서구 초록마을로 121,1362,1484,1584,222 
서울특별시 강서구 초록마을로 166,1809,1763,1981,172 
서울특별시 강서구 초록마을로 176,1134,1149,1607,473 
서울특별시 강서구 초록마을로 71,635,0,1384,749 
서울특별시 강서구 초록마을로 75-3,1084,1066,1216,132 
서울특별시 강서구 초록마을로 77,1076,1190,1044,-32 
서울특별시 강서구 초록마을로15길 5,1393,1504,1413,20 
서울특별시 강서구 초록마을로6길 20,1108,1108,1163,55 
서울특별시 강서구 초원로 30,1470,1976,2440,970 
서울특별시 강서구 허준로 121,1716,2197,2398,682 
서울특별시 강서구 허준로 139,2734,3333,3857,1123 
서울특별시 강서구 허준로 16-9,2235,2474,2907,672 
서울특별시 강서구 허준로 175,2830,3500,3907,1077 
서울특별시 강서구 허준로 23,2272,2407,2990,718 
서울특별시 강서구 허준로 234,2788,3188,3871,1083 
서울특별시 강서구 허준로 47,2658,3334,3852,1194 
서울특별시 강서구 허준로 55-20,1989,2170,2182,193 
서울특별시 강서구 허준로 76,1964,2307,2659,695 
서울특별시 강서구 화곡로 176-19,2804,2721,2601,-203 
서울특별시 강서구 화곡로 176-22,2471,2751,2483,12 
서울특별시 강서구 화곡로 186-22,2668,2390,2444,-224 
서울특별시 강서구 화곡로 242,1224,1245,1452,228 
서울특별시 강서구 화곡로 292,1569,1623,1760,191 
서울특별시 강서구 화곡로 296,1658,1769,1729,71 
서울특별시 강서구 화곡로 341,1714,1863,1972,258 
서울특별시 강서구 화곡로 344,2305,2344,2351,46 
서울특별시 강서구 화곡로 347,1664,1871,1712,48 
서울특별시 강서구 화곡로 390,2408,2185,2791,383 
서울특별시 강서구 화곡로13길 107,1955,2615,2436,481 
서울특별시 강서구 화곡로14길 19,1496,1874,1880,384 
서울특별시 강서구 화곡로18길 19,1048,1189,1814,766 
서울특별시 강서구 화곡로18길 24,1668,1689,1940,272 
서울특별시 강서구 화곡로18길 30-11,1130,1084,1262,132 
서울특별시 강서구 화곡로18길 44-27,1316,0,1546,230 
서울특별시 강서구 화곡로26가길 10,1305,1687,1618,313 
서울특별시 강서구 화곡로27가길 29,1288,0,1314,26 
서울특별시 강서구 화곡로31다길 11,1370,0,1347,-23 
서울특별시 강서구 화곡로31다길 21,1647,1973,1697,50 
서울특별시 강서구 화곡로34길 23,1069,1182,968,-101 
서울특별시 강서구 화곡로35길 23-17,1169,1294,1564,395 
서울특별시 강서구 화곡로42가길 30,1888,1911,1888,0 
서울특별시 강서구 화곡로43가길 44,1689,0,2105,416 
서울특별시 강서구 화곡로53길 75,1624,1567,1651,27 
서울특별시 강서구 화곡로58길 68,1079,1370,857,-222 
서울특별시 강서구 화곡로59길 59,1583,2031,1747,164 
서울특별시 강서구 화곡로61길 49,1339,0,1385,46 
서울특별시 강서구 화곡로63가길 71,2904,3075,3690,786 
서울특별시 강서구 화곡로63길 93,2009,2256,1942,-67 
서울특별시 강서구 화곡로64길 50,2460,2137,2916,456 
서울특별시 강서구 화곡로66길 168,1751,1784,1893,142 
서울특별시 강서구 화곡로66길 173,2262,2703,3028,766 
서울특별시 강서구 화곡로66길 174,1794,2094,2974,1180 
서울특별시 강서구 화곡로66길 50,1593,0,3026,1433 
서울특별시 강서구 화곡로66길 80,1788,2050,1988,200 
서울특별시 강서구 화곡로66길 90,1767,2752,2780,1013 
서울특별시 강서구 화곡로68길 103,1515,2162,2279,764 
서울특별시 강서구 화곡로68길 115,2013,2412,2590,577 
서울특별시 강서구 화곡로68길 33,2170,2837,3066,896 
서울특별시 강서구 화곡로72길 56,1563,1930,2273,710 
서울특별시 관악구 관악로 125,2490,2734,3533,1043 
서울특별시 관악구 관악로 133,2534,2643,3299,765 
서울특별시 관악구 관악로 164,2210,2652,2995,785 
서울특별시 관악구 관악로 168,2122,2642,2662,540 
서울특별시 관악구 관악로 195,1930,2186,2334,404 
서울특별시 관악구 관악로 263,2060,3125,2766,706 
서울특별시 관악구 관악로 285,2072,2321,2735,663 
서울특별시 관악구 관악로 304,1955,2650,2394,439 
서울특별시 관악구 관악로15길 23-12,4002,3631,3333,-669 
서울특별시 관악구 관악로17길 8,3764,3752,3787,23 
서울특별시 관악구 관악로28길 80,1792,2068,2295,503 
서울특별시 관악구 관악로30길 12,2016,2899,2645,629 
서울특별시 관악구 관악로30길 27,2376,3179,3497,1121 
서울특별시 관악구 관악로37길 15,1435,0,2237,802 
서울특별시 관악구 관악로40길 60,1885,2485,2747,862 
서울특별시 관악구 관악로5길 42,2004,0,2617,613 
서울특별시 관악구 관악로6길 76,2063,0,2423,360 
서울특별시 관악구 관악로6길 86,2150,1906,2367,217 
서울특별시 관악구 관악로6길 99,1968,2541,2719,751 
서울특별시 관악구 관천로 38,3415,3396,3556,141 
서울특별시 관악구 관천로18길 32,1840,1666,2082,242 
서울특별시 관악구 관천로24길 3,1962,2231,2386,424 
서울특별시 관악구 관천로27길 2,2002,2110,2168,166 
서울특별시 관악구 광신길 160,1514,1692,1819,305 
서울특별시 관악구 구암5가길 49,1530,2631,2485,955 
서울특별시 관악구 구암길 95,1259,2108,3502,2243 
서울특별시 관악구 낙성대로 37,2166,3163,3285,1119 
서울특별시 관악구 낙성대로15길 66,2209,2196,2485,276 
서울특별시 관악구 낙성대역길 19,2331,2457,1528,-803 
서울특별시 관악구 난곡로 167,1375,1876,2180,805 
서울특별시 관악구 난곡로 30,1805,2058,2516,711 
서울특별시 관악구 난곡로 55,1708,2325,2405,697 
서울특별시 관악구 난곡로 66,1953,2335,2074,121 
서울특별시 관악구 난곡로35길 28-7,1482,1784,2025,543 
서울특별시 관악구 난곡로35길 68,1337,1432,1453,116 
서울특별시 관악구 난곡로47길 9,1613,1654,2030,417 
서울특별시 관악구 남부순환로 1430,2025,2256,2898,873 
서울특별시 관악구 남부순환로 1727-8,1752,0,2307,555 
서울특별시 관악구 남부순환로 1773,3639,3063,3143,-496 
서울특별시 관악구 남부순환로 1777-7,3258,3144,3254,-4 
서울특별시 관악구 남부순환로 1802,1834,2122,2393,559 
서울특별시 관악구 남부순환로 1811,1908,1908,2574,666 
서울특별시 관악구 남부순환로 1961-1,1931,0,2102,171 
서울특별시 관악구 남부순환로 1979,1926,1934,2418,492 
서울특별시 관악구 남부순환로 2068,1608,1820,1887,279 
서울특별시 관악구 남부순환로144길 71,1404,1269,1528,124 
서울특별시 관악구 남부순환로166길 90,1501,0,1170,-331 
서울특별시 관악구 남부순환로194길 7,1786,1932,2046,260 
서울특별시 관악구 남부순환로198길 10,1846,2011,2510,664 
서울특별시 관악구 남부순환로198길 7,2256,2352,2680,424 
서울특별시 관악구 남부순환로218길 1,3307,3340,2883,-424 
서울특별시 관악구 남부순환로218길 37,3439,2953,3186,-253 
서울특별시 관악구 남부순환로220길 29,3277,2895,3115,-162 
서울특별시 관악구 남부순환로230길 117,2094,0,2759,665 
서울특별시 관악구 남부순환로230길 93,1911,2100,2551,640 
서울특별시 관악구 남부순환로230길 94,1482,2127,2232,750 
서울특별시 관악구 남부순환로234길 42,1800,1812,2208,408 
서울특별시 관악구 남부순환로248길 56,1663,1758,2160,497 
서울특별시 관악구 남부순환로248길 78,1425,1533,1624,199 
서울특별시 관악구 남부순환로249길 13-12,2100,0,2246,146 
서울특별시 관악구 남부순환로249길 15,1863,1910,2299,436 
서울특별시 관악구 남부순환로249길 21,1748,1826,2222,474 
서울특별시 관악구 남부순환로256길 16,1675,1464,2077,402 
서울특별시 관악구 남부순환로256라길 11,2010,1812,2524,514 
서울특별시 관악구 남부순환로256라길 25,2058,2462,2893,835 
서울특별시 관악구 남부순환로260길 119,2032,0,2641,609 
서울특별시 관악구 남현12길 21,2397,0,2590,193 
서울특별시 관악구 남현1가길 42-3,1718,0,2377,659 
서울특별시 관악구 남현7길 20,2328,2714,2881,553 
서울특별시 관악구 남현7길 3,2117,2668,3254,1137 
서울특별시 관악구 남현길 113,1786,2640,3262,1476 
서울특별시 관악구 남현길 141,2073,2632,2706,633 
서울특별시 관악구 남현길 144,1923,2182,2110,187 
서울특별시 관악구 남현길 91,2538,2616,3398,860 
서울특별시 관악구 당곡2길 109-11,1124,1172,1873,749 
서울특별시 관악구 대학18길 6,1402,1861,1510,108 
서울특별시 관악구 대학18길 9,1476,1778,2028,552 
서울특별시 관악구 대학20길 27,1317,1251,1726,409 
서울특별시 관악구 대학5길 46,2324,0,2272,-52 
서울특별시 관악구 대학7길 26,1638,1839,1931,293 
서울특별시 관악구 문성로 74,1850,2416,2620,770 
서울특별시 관악구 문성로 86,1521,1881,2124,603 
서울특별시 관악구 문성로16나길 25,1614,1925,2333,719 
서울특별시 관악구 미성10길 64,1776,1657,2143,367 
서울특별시 관악구 미성3길 16,1884,2356,2970,1086 
서울특별시 관악구 미성5길 33,1323,1654,1594,271 
서울특별시 관악구 미성5길 40,1294,1751,1619,325 
서울특별시 관악구 미성7길 5-6,1627,1760,1760,133 
서울특별시 관악구 미성길 122,1364,1350,2013,649 
서울특별시 관악구 미성길 15,1210,0,1706,496 
서울특별시 관악구 보라매로 62,2085,2684,2618,533 
서울특별시 관악구 보라매로3길 29,1937,1996,2835,898 
서울특별시 관악구 보라매로5가길 7,1779,1888,1784,5 
서울특별시 관악구 보라매로5길 5,1494,2411,2454,960 
서울특별시 관악구 보라매로6길 33,1834,2558,3703,1869 
서울특별시 관악구 봉천로 209,1587,1160,1494,-93 
서울특별시 관악구 봉천로 387,2465,3180,3360,895 
서울특별시 관악구 봉천로 576,2418,2720,2642,224 
서울특별시 관악구 봉천로12길 28,3054,2973,2838,-216 
서울특별시 관악구 봉천로21길 77,1145,1364,929,-216 
서울특별시 관악구 봉천로23나길 35,1426,0,1977,551 
서울특별시 관악구 성현로 14,1553,0,1844,291 
서울특별시 관악구 성현로 80,1999,2525,2989,990 
서울특별시 관악구 솔밭로 24,1770,0,1741,-29 
서울특별시 관악구 솔밭로7길 16,2332,2914,2667,335 
서울특별시 관악구 승방1길 38,1609,0,2275,666 
서울특별시 관악구 승방1길 83,1720,0,1918,198 
서울특별시 관악구 승방3가길 16,1527,0,1778,251 
서울특별시 관악구 승방3가길 31,2039,2124,2303,264 
서울특별시 관악구 승방3나길 30,1788,1675,1871,83 
서울특별시 관악구 승방3나길 41,1697,0,1903,206 
서울특별시 관악구 승방4길 20,2943,3824,4230,1287 
서울특별시 관악구 승방길 66,2501,3022,3361,860 
서울특별시 관악구 신림로 318,1658,1953,2417,759 
서울특별시 관악구 신림로 350,2031,2307,2415,384 
서울특별시 관악구 신림로11길 151,1214,1370,1535,321 
서울특별시 관악구 신림로29길 8,2051,2411,2826,775 
서울특별시 관악구 신림로3가길 45-10,1846,2150,2590,744 
서울특별시 관악구 신림로3가길 45-24,1576,1919,2049,473 
서울특별시 관악구 신림로3가길 7,1987,2239,2559,572 
서울특별시 관악구 신림로3길 40,1744,2100,2641,897 
서울특별시 관악구 신림로48길 17-20,1762,2002,2410,648 
서울특별시 관악구 신림로58길 62-5,1480,1525,2062,582 
서울특별시 관악구 신림로65길 27,2758,3053,2612,-146 
서울특별시 관악구 신림로66길 42,3305,0,3000,-305 
서울특별시 관악구 신림로7길 33,1672,0,2489,817 
서울특별시 관악구 신사로 134,2744,3328,3113,369 
서울특별시 관악구 신사로 82,2383,2115,1980,-403 
서울특별시 관악구 신사로 84,1604,2262,2354,750 
서울특별시 관악구 신원로 26,2468,2790,3166,698 
서울특별시 관악구 쑥고개로 100,1975,0,1978,3 
서울특별시 관악구 쑥고개로 123,3483,3682,3889,406 
서울특별시 관악구 양녕로6나길 18,1978,2154,2914,936 
서울특별시 관악구 양지길 50-5,1532,1912,2185,653 
서울특별시 관악구 양지길 52-1,1613,1958,2103,490 
서울특별시 관악구 은천로 110,2686,2786,3261,575 
서울특별시 관악구 은천로 137,1992,2371,2525,533 
서울특별시 관악구 은천로 14,1928,0,2192,264 
서울특별시 관악구 은천로 46,926,0,1333,407 
서울특별시 관악구 은천로 86,2174,3238,2768,594 
서울특별시 관악구 은천로 93,1926,2576,2824,898 
서울특별시 관악구 은천로15길 16,2345,2580,3217,872 
서울특별시 관악구 은천로15길 24,1860,2407,2590,730 
서울특별시 관악구 은천로25가길 6,1580,0,2898,1318 
서울특별시 관악구 은천로33길 5,2419,3020,3479,1060 
서울특별시 관악구 은천로34길 14,1623,0,2046,423 
서울특별시 관악구 은천로34길 8,1786,0,2118,332 
서울특별시 관악구 은천로34길 9,3083,0,2108,-975 
서울특별시 관악구 은천로39길 56,1489,1865,2145,656 
서울특별시 관악구 은천로5길 39,1019,1199,1317,298 
서울특별시 관악구 인헌12길 46-1,2246,2246,3081,835 
서울특별시 관악구 인헌12길 46-2,2144,2514,2573,429 
서울특별시 관악구 인헌16길 33-14,1518,1756,1957,439 
서울특별시 관악구 인헌16길 33-6,1525,0,1868,343 
서울특별시 관악구 인헌16길 47,1730,1776,1730,0 
서울특별시 관악구 인헌16다길 14,2570,2589,2942,372 
서울특별시 관악구 인헌1길 34,1672,0,2021,349 
서울특별시 관악구 인헌1길 59,1564,0,1950,386 
서울특별시 관악구 장군봉1길 14,2405,0,3007,602 
서울특별시 관악구 장군봉1길 6,2404,3062,3322,918 
서울특별시 관악구 장군봉1길 8,2660,2683,3215,555 
서울특별시 관악구 장군봉5길 27,1383,1669,1600,217 
서울특별시 관악구 장군봉8길 15,1387,1590,1504,117 
서울특별시 관악구 장군봉8길 16,1651,1828,1903,252 
서울특별시 관악구 조원로11길 24,1754,1594,2528,774 
서울특별시 관악구 조원로13길 15,1836,0,2608,772 
서울특별시 관악구 조원로13길 23,1877,2111,2127,250 
서울특별시 관악구 조원로14길 16,1306,0,1531,225 
서울특별시 관악구 조원로16길 12,2022,2253,2784,762 
서울특별시 관악구 조원로16길 7,1556,2082,2026,470 
서울특별시 관악구 조원로2길 13,1407,1935,2711,1304 
서울특별시 관악구 청룡7길 55,1920,2222,2268,348 
서울특별시 관악구 청룡8길 10,1993,2051,2092,99 
서울특별시 관악구 청룡8길 5,1345,0,1551,206 
서울특별시 관악구 청룡길 77,2487,2720,4045,1558 
서울특별시 관악구 청룡길 78,2417,3070,3265,848 
서울특별시 관악구 청림3길 10,2074,2348,2999,925 
서울특별시 관악구 청림6길 16,2063,2082,2121,58 
서울특별시 관악구 행운10길 21,2372,2723,3892,1520 
서울특별시 관악구 행운1나길 12,2063,0,2335,272 
서울특별시 관악구 행운1마길 2,3226,3733,3094,-132 
서울특별시 관악구 행운5길 20,2282,2158,2553,271 
서울특별시 관악구 행운5길 8-9,1507,1641,1769,262 
서울특별시 관악구 호암로 399,1516,1987,1824,308 
서울특별시 관악구 호암로 417,1353,1707,1685,332 
서울특별시 관악구 호암로 519,1954,2048,2283,329 
서울특별시 관악구 호암로 527,1348,1513,1859,511 
서울특별시 관악구 호암로 541,1544,1709,2095,551 
서울특별시 관악구 호암로16길 11,1699,1845,1170,-529 
서울특별시 관악구 호암로16길 5,1475,1732,2409,934 
서울특별시 광진구 강변역로4길 34,2376,1812,2597,221 
서울특별시 광진구 광나루로 346,2266,2388,2895,629 
서울특별시 광진구 광나루로 361,1774,2330,2341,567 
서울특별시 광진구 광나루로 369,2001,2462,2442,441 
서울특별시 광진구 광나루로 579,3014,3051,4487,1473 
서울특별시 광진구 광나루로 595,3048,3086,4026,978 
서울특별시 광진구 광나루로20길 17,3989,4174,3942,-47 
서울특별시 광진구 광나루로44길 20,2200,2511,2790,590 
서울특별시 광진구 광나루로46길 21,2679,0,2904,225 
서울특별시 광진구 광나루로46길 52,1294,1582,1690,396 
서울특별시 광진구 광나루로56길 29,3191,3183,5471,2280 
서울특별시 광진구 광나루로56길 32,3295,3397,5221,1926 
서울특별시 광진구 구의강변로 102,2155,2439,3535,1380 
서울특별시 광진구 구의강변로 106,2140,2696,3089,949 
서울특별시 광진구 구의강변로 11,2696,2891,3428,732 
서울특별시 광진구 구의강변로 42,3030,3424,4195,1165 
서울특별시 광진구 구의강변로 64,2308,2629,3357,1049 
서울특별시 광진구 구의강변로 84,2935,3354,4497,1562 
서울특별시 광진구 구의강변로 94,2928,3420,4150,1222 
서울특별시 광진구 구의강변로1길 44,3229,2495,2895,-334 
서울특별시 광진구 구의강변로3가길 39,2631,3401,4452,1821 
서울특별시 광진구 구의강변로3길 16,1497,0,2717,1220 
서울특별시 광진구 구의강변로5길 7,2238,2835,3512,1274 
서울특별시 광진구 구의로 52,1593,1719,1635,42 
서울특별시 광진구 군자로 100-2,1444,2261,2588,1144 
서울특별시 광진구 군자로12길 46,1995,2504,2126,131 
서울특별시 광진구 긴고랑로 149,1481,1441,1538,57 
서울특별시 광진구 긴고랑로15길 32,1521,1501,1833,312 
서울특별시 광진구 긴고랑로1길 55,1595,1831,1831,236 
서울특별시 광진구 긴고랑로4길 53,1575,0,2022,447 
서울특별시 광진구 능동로 18,2865,3335,4603,1738 
서울특별시 광진구 능동로 19,2512,3084,3658,1146 
서울특별시 광진구 능동로 50,3259,3729,5224,1965 
서울특별시 광진구 능동로 68,3633,3796,4313,680 
서울특별시 광진구 능동로19길 35,3404,3937,3409,5 
서울특별시 광진구 능동로19길 47,1696,1563,2012,316 
서울특별시 광진구 능동로1길 15,2857,3097,4070,1213 
서울특별시 광진구 능동로3길 17,2379,3330,3562,1183 
서울특별시 광진구 능동로3길 53,2447,3087,3634,1187 
서울특별시 광진구 능동로48길 49,1543,0,1755,212 
서울특별시 광진구 능동로4길 40,3357,3712,5359,2002 
서울특별시 광진구 능동로4길 41,3244,3195,4694,1450 
서울특별시 광진구 능동로4길 78,2912,3302,4583,1671 
서울특별시 광진구 동일로 459,1394,2085,1961,567 
서울특별시 광진구 동일로24길 5,2438,3137,3409,971 
서울특별시 광진구 동일로64길 39,2298,0,2206,-92 
서울특별시 광진구 동일로72길 17,1532,1689,1854,322 
서울특별시 광진구 동일로76가길 17,1149,1845,2044,895 
서울특별시 광진구 뚝섬로 45,2233,4086,4887,2654 
서울특별시 광진구 뚝섬로 553,2843,3077,3623,780 
서울특별시 광진구 뚝섬로 569,3196,3775,4572,1376 
서울특별시 광진구 뚝섬로 576,3147,3625,4689,1542 
서울특별시 광진구 뚝섬로24길 74,2468,3276,2733,265 
서울특별시 광진구 뚝섬로31길 20,2834,3713,4009,1175 
서울특별시 광진구 뚝섬로33길 20,3187,3296,3803,616 
서울특별시 광진구 뚝섬로33길 42,2861,3272,4479,1618 
서울특별시 광진구 뚝섬로34길 25-19,3509,3356,4034,525 
서울특별시 광진구 뚝섬로34길 32,3356,3198,4738,1382 
서울특별시 광진구 뚝섬로34길 67,2618,2900,3927,1309 
서울특별시 광진구 뚝섬로34길 9,2585,4128,4899,2314 
서울특별시 광진구 뚝섬로35길 10,3192,3798,4458,1266 
서울특별시 광진구 뚝섬로35길 32,3475,3731,4744,1269 
서울특별시 광진구 뚝섬로36길 19,3646,4101,5003,1357 
서울특별시 광진구 뚝섬로36길 75,3360,4662,5468,2108 
서울특별시 광진구 뚝섬로41길 20,3647,3544,4241,594 
서울특별시 광진구 뚝섬로52길 71,2424,2268,3294,870 
서울특별시 광진구 뚝섬로52마길 56,2482,3443,3856,1374 
서울특별시 광진구 뚝섬로54길 74,2772,3292,4067,1295 
서울특별시 광진구 뚝섬로56가길 10,2615,3207,3693,1078 
서울특별시 광진구 뚝섬로56가길 28,2502,2806,3630,1128 
서울특별시 광진구 뚝섬로56길 35,2040,0,2921,881 
서울특별시 광진구 뚝섬로56길 72,2352,2732,3268,916 
서울특별시 광진구 뚝섬로58길 101,2190,2721,3786,1596 
서울특별시 광진구 면목로 127,1111,1269,1216,105 
서울특별시 광진구 아차산로 262,3094,3353,3964,870 
서울특별시 광진구 아차산로 345,3109,4138,4604,1495 
서울특별시 광진구 아차산로 451,2261,2718,2696,435 
서울특별시 광진구 아차산로 503-23,3153,3267,4852,1699 
서울특별시 광진구 아차산로 508,3302,3881,5189,1887 
서울특별시 광진구 아차산로 522,3512,3342,4935,1423 
서울특별시 광진구 아차산로 537-17,4081,5325,6797,2716 
서울특별시 광진구 아차산로 540,2128,2991,3988,1860 
서울특별시 광진구 아차산로 544,3601,3775,4701,1100 
서울특별시 광진구 아차산로 549,3871,4815,5499,1628 
서울특별시 광진구 아차산로 552,4031,4056,5045,1014 
서울특별시 광진구 아차산로 599,3254,3892,4300,1046 
서울특별시 광진구 아차산로 637,3016,2783,3114,98 
서울특별시 광진구 아차산로36길 13,3174,3844,3689,515 
서울특별시 광진구 아차산로36길 39,3587,3936,4926,1339 
서울특별시 광진구 아차산로40길 16-9,1974,1968,2694,720 
서울특별시 광진구 아차산로46가길 23,1845,0,2862,1017 
서울특별시 광진구 아차산로69길 19,3398,3936,4944,1546 
서울특별시 광진구 아차산로69길 29,4856,4507,6818,1962 
서울특별시 광진구 아차산로70길 17-21,3532,3734,5071,1539 
서울특별시 광진구 아차산로70길 61,3921,4050,5600,1679 
서울특별시 광진구 아차산로70길 62,3492,3845,5125,1633 
서울특별시 광진구 아차산로76길 31,2390,3439,3274,884 
서울특별시 광진구 아차산로78가길 17,2365,2183,2538,173 
서울특별시 광진구 아차산로78길 10,2767,3947,4224,1457 
서울특별시 광진구 아차산로78길 53,1599,1887,1910,311 
서울특별시 광진구 아차산로78길 63,1284,1605,1925,641 
서울특별시 광진구 아차산로78길 7,2571,2636,3393,822 
서울특별시 광진구 영화사로 58,1678,1709,1589,-89 
서울특별시 광진구 영화사로 87,1296,0,1757,461 
서울특별시 광진구 영화사로16길 43,2064,2443,2690,626 
서울특별시 광진구 용마산로 174,1872,2118,2824,952 
서울특별시 광진구 용마산로1길 48,1948,1971,2069,121 
서울특별시 광진구 용마산로1길 7,2432,2520,2757,325 
서울특별시 광진구 용마산로1길 84,1683,2021,2034,351 
서울특별시 광진구 자양강변길 301,2072,2178,3440,1368 
서울특별시 광진구 자양로 109,2603,2759,2929,326 
서울특별시 광진구 자양로 113,2542,2589,3583,1041 
서울특별시 광진구 자양로 159,2000,1538,3154,1154 
서울특별시 광진구 자양로 172,2369,2786,2820,451 
서울특별시 광진구 자양로13가길 2,1672,1975,2240,568 
서울특별시 광진구 자양로21길 16-14,2066,2273,3111,1045 
서울특별시 광진구 자양로21길 16-26,1567,0,1959,392 
서울특별시 광진구 자양로26길 71,2254,2691,3472,1218 
서울특별시 광진구 자양로3가길 43,2312,2799,2412,100 
서울특별시 광진구 자양로3길 14-17,2337,0,2147,-190 
서울특별시 광진구 자양로3길 55,2312,3146,3306,994 
서울특별시 광진구 자양로4나길 44,1516,0,3079,1563 
서울특별시 광진구 자양로53길 36,1474,1491,1673,199 
서울특별시 광진구 자양로5길 33,2487,1597,2739,252 
서울특별시 광진구 자양번영로 59,2564,2281,3457,893 
서울특별시 광진구 자양번영로1길 57,2261,2948,3120,859 
서울특별시 광진구 자양번영로3길 24,2380,3056,3529,1149 
서울특별시 광진구 자양번영로3길 65,2639,4020,4418,1779 
서울특별시 광진구 자양번영로3길 66,2583,3631,4649,2066 
서울특별시 광진구 천호대로 671,2450,0,3433,983 
서울특별시 광진구 천호대로 716,2338,3032,3172,834 
서울특별시 광진구 천호대로 808,2774,3269,3990,1216 
서울특별시 광진구 천호대로107길 26,1659,0,1128,-531 
서울특별시 광진구 천호대로117길 25,1781,1562,2270,489 
서울특별시 광진구 천호대로119길 16,1898,1751,1983,85 
서울특별시 구로구 가마산로 231,1832,2435,2698,866 
서울특별시 구로구 가마산로 268,2268,2062,2154,-114 
서울특별시 구로구 가마산로 280,1690,1843,2010,320 
서울특별시 구로구 가마산로 283,1455,1514,1602,147 
서울특별시 구로구 가마산로 284,2510,2390,2271,-239 
서울특별시 구로구 가마산로 285,3013,2898,3056,43 
서울특별시 구로구 가마산로 286,1738,1631,2059,321 
서울특별시 구로구 가마산로 87,1686,1748,1901,215 
서울특별시 구로구 가마산로 97,1400,1257,1610,210 
서울특별시 구로구 가마산로19길 30,1078,1202,1364,286 
서울특별시 구로구 가마산로20다길 41,1459,1436,1683,224 
서울특별시 구로구 가마산로20다길 45,1346,0,1914,568 
서울특별시 구로구 가마산로20다길 46,1756,2113,2175,419 
서울특별시 구로구 가마산로26길 5,2944,2863,2676,-268 
서울특별시 구로구 가마산로27길 11-15,3056,2982,2588,-468 
서울특별시 구로구 가마산로27길 11-7,2744,2943,2644,-100 
서울특별시 구로구 가마산로27길 24,1869,1997,2279,410 
서울특별시 구로구 가마산로27길 34,1332,1387,1536,204 
서울특별시 구로구 가마산로27길 66,1204,1558,1534,330 
서울특별시 구로구 개봉로15길 84-15,1186,1280,835,-351 
서울특별시 구로구 개봉로15길 91,1079,1086,1139,60 
서울특별시 구로구 개봉로17마길 9-17,828,909,1166,338 
서울특별시 구로구 개봉로17아길 41-13,1232,1372,1529,297 
서울특별시 구로구 개봉로19길 85,977,1201,1159,182 
서울특별시 구로구 개봉로1길 170,1657,1927,1682,25 
서울특별시 구로구 개봉로1길 188,1504,2104,2092,588 
서울특별시 구로구 개봉로20길 158,1759,1891,2313,554 
서울특별시 구로구 개봉로20길 6,1951,2485,2827,876 
서울특별시 구로구 개봉로23가길 10,1953,1944,2074,121 
서울특별시 구로구 개봉로2길 133-15,2111,3295,2766,655 
서울특별시 구로구 개봉로3가길 88-41,954,942,887,-67 
서울특별시 구로구 개봉로3길 87,1720,2029,2010,290 
서울특별시 구로구 경서로1길 14,1275,1407,1886,611 
서울특별시 구로구 경인로 158,1758,1984,2012,254 
서울특별시 구로구 경인로 176,1147,0,980,-167 
서울특별시 구로구 경인로 230-13,1213,1477,1641,428 
서울특별시 구로구 경인로 248-13,1128,1642,1630,502 
서울특별시 구로구 경인로 248-14,1399,1228,1728,329 
서울특별시 구로구 경인로 271,1542,1263,1399,-143 
서울특별시 구로구 경인로 343,2276,2688,2602,326 
서울특별시 구로구 경인로 382,1748,1876,2647,899 
서울특별시 구로구 경인로 390,1985,2372,2711,726 
서울특별시 구로구 경인로 584,1748,2051,2253,505 
서울특별시 구로구 경인로 619-3,2136,2989,3264,1128 
서울특별시 구로구 경인로 638,2274,2912,3593,1319 
서울특별시 구로구 경인로 643,2742,3226,4488,1746 
서울특별시 구로구 경인로 662,2996,3690,4143,1147 
서울특별시 구로구 경인로19가길 40,2018,1807,1705,-313 
서울특별시 구로구 경인로20길 6,2379,2295,2240,-139 
서울특별시 구로구 경인로20나길 30,1673,1682,1700,27 
서울특별시 구로구 경인로20나길 63,1627,1741,1261,-366 
서울특별시 구로구 경인로2길 29,1251,1368,1369,118 
서울특별시 구로구 경인로2길 34,1394,0,1576,182 
서울특별시 구로구 경인로2길 51,1242,1319,1548,306 
서울특별시 구로구 경인로38길 13,1564,1763,2077,513 
서울특별시 구로구 경인로40길 11,1717,1917,1814,97 
서울특별시 구로구 경인로40길 25,1453,1661,1930,477 
서울특별시 구로구 경인로47가길 10,1419,1651,1732,313 
서울특별시 구로구 경인로47길 128,1558,1817,2004,446 
서울특별시 구로구 경인로47길 150,1568,1780,2036,468 
서울특별시 구로구 경인로47다길 34-7,1241,1382,1563,322 
서울특별시 구로구 경인로47다길 43,1102,1236,1459,357 
서울특별시 구로구 경인로59길 7,2436,2801,3385,949 
서울특별시 구로구 경인로65길 16-15,2841,3379,5099,2258 
서울특별시 구로구 경인로66길 19,3550,3744,3224,-326 
서울특별시 구로구 경인로66길 5,1906,2345,2717,811 
서울특별시 구로구 경인로67길 23,2273,3900,3756,1483 
서울특별시 구로구 경인로8길 64,1880,2386,2256,376 
서울특별시 구로구 경인로8길 75,1566,1868,2238,672 
서울특별시 구로구 고척로 19,1165,1013,1481,316 
서울특별시 구로구 고척로 238,1494,1137,1776,282 
서울특별시 구로구 고척로 41,1651,1987,2232,581 
서울특별시 구로구 고척로 49,1270,1588,1526,256 
서울특별시 구로구 고척로 52,1447,1873,1884,437 
서울특별시 구로구 고척로 82,1465,1430,1330,-135 
서울특별시 구로구 고척로 85,815,1598,1386,571 
서울특별시 구로구 고척로 95-6,1069,1188,1284,215 
서울특별시 구로구 고척로18길 77,982,1218,1364,382 
서울특별시 구로구 고척로19길 69-6,1213,1262,1395,182 
서울특별시 구로구 고척로21나길 48-68,1169,1264,1597,428 
서울특별시 구로구 고척로21나길 48-80,1169,0,1315,146 
서울특별시 구로구 고척로21나길 85-6,1246,1173,1229,-17 
서울특별시 구로구 고척로22길 84,1018,1119,1556,538 
서울특별시 구로구 고척로27바길 47,1100,1372,1282,182 
서울특별시 구로구 고척로40길 19,1224,1391,1287,63 
서울특별시 구로구 고척로52길 21,1439,1701,2031,592 
서울특별시 구로구 고척로52길 22,1668,1880,1300,-368 
서울특별시 구로구 고척로52길 48,1579,2091,2284,705 
서울특별시 구로구 고척로52길 53,1566,1349,2135,569 
서울특별시 구로구 고척로52길 9,1321,1707,1718,397 
서울특별시 구로구 고척로60길 26,1321,1133,1492,171 
서울특별시 구로구 고척로60길 30,1791,2125,2570,779 
서울특별시 구로구 공원로 11,2816,2190,2829,13 
서울특별시 구로구 공원로 15-12,2675,2325,2510,-165 
서울특별시 구로구 공원로 26,1504,1556,1746,242 
서울특별시 구로구 공원로 27,1712,1893,2150,438 
서울특별시 구로구 공원로 34,1166,1266,1624,458 
서울특별시 구로구 공원로 35,1708,1749,2154,446 
서울특별시 구로구 공원로 40,1574,1681,1875,301 
서울특별시 구로구 공원로 41,1082,1002,1332,250 
서울특별시 구로구 공원로 47,1526,1516,1554,28 
서울특별시 구로구 공원로 63,1205,1280,1227,22 
서울특별시 구로구 공원로6가길 67,2022,2962,3261,1239 
서울특별시 구로구 공원로6가길 76,2239,2564,3108,869 
서울특별시 구로구 공원로6가길 8,2305,2475,2230,-75 
서울특별시 구로구 공원로6길 16-22,2394,0,2311,-83 
서울특별시 구로구 공원로6길 25,2238,2371,2197,-41 
서울특별시 구로구 공원로7길 11,2417,2263,2356,-61 
서울특별시 구로구 공원로8길 36,2515,2711,2340,-175 
서울특별시 구로구 구로동로 70-4,999,1002,1029,30 
서울특별시 구로구 구로동로 82-5,708,0,955,247 
서울특별시 구로구 구로동로12길 16-12,931,0,1326,395 
서울특별시 구로구 구로동로12길 4-30,1011,917,941,-70 
서울특별시 구로구 구로동로12길 52,994,0,917,-77 
서울특별시 구로구 구로동로12길 59-8,676,0,1252,576 
서울특별시 구로구 구로동로13길 34-3,1020,0,984,-36 
서울특별시 구로구 구로동로14길 2-9,878,0,1050,172 
서울특별시 구로구 구로동로15길 13-8,1042,0,1138,96 
서울특별시 구로구 구로동로15길 13-9,912,0,1073,161 
서울특별시 구로구 구로동로15길 5-9,1070,0,989,-81 
서울특별시 구로구 구로동로18길 30-6,1203,0,1104,-99 
서울특별시 구로구 구로동로18길 35-7,871,0,1271,400 
서울특별시 구로구 구로동로18길 62-12,936,0,1098,162 
서울특별시 구로구 구로동로20길 28-10,998,0,757,-241 
서울특별시 구로구 구로동로20길 42-2,1063,0,1012,-51 
서울특별시 구로구 구로동로20길 58-11,971,0,1434,463 
서울특별시 구로구 구로동로20길 58-19,1014,0,949,-65 
서울특별시 구로구 구로동로20길 68-1,965,816,642,-323 
서울특별시 구로구 구로동로22길 42,682,0,712,30 
서울특별시 구로구 구로동로22길 52-2,985,0,903,-82 
서울특별시 구로구 구로동로22길 57,997,0,1073,76 
서울특별시 구로구 구로동로22길 76-10,1166,0,1262,96 
서울특별시 구로구 구로동로22길 88-14,850,0,1072,222 
서울특별시 구로구 구로동로22길 88-9,1102,1081,1314,212 
서울특별시 구로구 구로동로28길 42,1902,2196,2600,698 
서울특별시 구로구 구로동로28길 64-12,1292,1463,1268,-24 
서울특별시 구로구 구로동로42길 77,1342,1672,1946,604 
서울특별시 구로구 구로동로43길 10,1548,2026,2026,478 
서울특별시 구로구 구로동로47길 24,1738,2406,2444,706 
서울특별시 구로구 구로동로8길 48,1101,0,998,-103 
서울특별시 구로구 구로동로8길 50,1072,0,1119,47 
서울특별시 구로구 구로동로8길 70-21,1149,1058,1411,262 
서울특별시 구로구 구로동로8길 81-1,1115,0,1363,248 
서울특별시 구로구 구로중앙로 134,1680,2136,2359,679 
서울특별시 구로구 구로중앙로 229,1707,2082,1709,2 
서울특별시 구로구 구로중앙로 60,1191,1181,1386,195 
서울특별시 구로구 구로중앙로 68,1710,1476,1482,-228 
서울특별시 구로구 구로중앙로18길 17,3206,2954,2954,-252 
서울특별시 구로구 구로중앙로18길 23,2813,2118,2206,-607 
서울특별시 구로구 구로중앙로18길 27,1352,1383,1655,303 
서울특별시 구로구 구로중앙로18길 53,1487,1849,1670,183 
서울특별시 구로구 구로중앙로18길 56,1611,1943,2259,648 
서울특별시 구로구 구로중앙로18길 68,1784,1870,2290,506 
서울특별시 구로구 구로중앙로28다길 16,2359,2346,2218,-141 
서울특별시 구로구 구로중앙로28다길 22,1382,1411,1446,64 
서울특별시 구로구 구로중앙로28다길 30,1293,1908,1602,309 
서울특별시 구로구 구로중앙로34길 17,1878,1880,2431,553 
서울특별시 구로구 구로중앙로7길 28,1379,1716,1769,390 
서울특별시 구로구 구로중앙로8길 41-23,1910,2190,2287,377 
서울특별시 구로구 구일로 154-17,1444,1761,1766,322 
서울특별시 구로구 구일로 168,1476,1713,1841,365 
서울특별시 구로구 구일로10길 53,1692,1815,2248,556 
서울특별시 구로구 구일로2길 60,1711,1932,2215,504 
서울특별시 구로구 구일로4길 22,2287,3427,4067,1780 
서울특별시 구로구 구일로4길 46,1570,2376,2456,886 
서울특별시 구로구 구일로4길 65,1993,2481,3335,1342 
서울특별시 구로구 구일로8길 107,1383,1628,1692,309 
서울특별시 구로구 구일로8길 121,1328,1474,1708,380 
서울특별시 구로구 구일로8길 31,1819,2253,2653,834 
서울특별시 구로구 구일로8길 63,1960,2420,2545,585 
서울특별시 구로구 구일로8길 79,1722,2250,2106,384 
서울특별시 구로구 구일로8길 92,1605,2054,2472,867 
서울특별시 구로구 남부순환로 1299,1276,1391,1745,469 
서울특별시 구로구 남부순환로 775,1975,2652,2690,715 
서울특별시 구로구 남부순환로95길 16,1568,1586,2127,559 
서울특별시 구로구 남부순환로95길 42-15,1514,1518,1582,68 
서울특별시 구로구 남부순환로95길 54,1700,2139,1987,287 
서울특별시 구로구 남부순환로95길 88,1375,1631,1836,461 
서울특별시 구로구 남부순환로97길 30,1452,1673,2372,920 
서울특별시 구로구 남부순환로97길 50,1592,1570,1755,163 
서울특별시 구로구 남부순환로97길 74,1449,1845,1869,420 
서울특별시 구로구 도림로 107,1808,2103,2398,590 
서울특별시 구로구 도림로 44-11,1191,0,1288,97 
서울특별시 구로구 도림로 44-9,1335,0,1420,85 
서울특별시 구로구 도림로 59,1957,2366,2530,573 
서울특별시 구로구 도림로10길 5-1,1144,0,1156,12 
서울특별시 구로구 도림로10길 5-5,1131,1121,1282,151 
서울특별시 구로구 도림로10길 5-9,1110,0,1074,-36 
서울특별시 구로구 도림로12길 12,1189,1031,1224,35 
서울특별시 구로구 도림로12길 15-11,996,0,1223,227 
서울특별시 구로구 도림로12길 5-7,968,0,1437,469 
서울특별시 구로구 도림로20길 30,1405,1727,1826,421 
서울특별시 구로구 도림로20길 50,2044,1948,2176,132 
서울특별시 구로구 도림로22길 8,1640,1723,2686,1046 
서울특별시 구로구 도림로3길 18-15,941,0,881,-60 
서울특별시 구로구 도림로3길 24,992,865,1047,55 
서울특별시 구로구 도림로6길 15,1121,0,931,-190 
서울특별시 구로구 도림로6길 36,1071,0,1318,247 
서울특별시 구로구 도림로6길 39-13,819,0,1211,392 
서울특별시 구로구 도림로6길 39-16,1092,0,1178,86 
서울특별시 구로구 도림로6길 39-3,1065,0,1106,41 
서울특별시 구로구 도림로8길 4,944,0,1352,408 
서울특별시 구로구 도림천로 344,1900,2235,2464,564 
서울특별시 구로구 도림천로12길 6,1752,1927,1801,49 
서울특별시 구로구 디지털로 318,1770,1831,2561,791 
서울특별시 구로구 디지털로 319,1841,2269,2406,565 
서울특별시 구로구 디지털로27길 106-4,858,0,1020,162 
서울특별시 구로구 디지털로27길 120-13,1151,0,975,-176 
서울특별시 구로구 디지털로27길 120-7,786,1288,1093,307 
서울특별시 구로구 디지털로27다길 51,1058,0,1139,81 
서울특별시 구로구 디지털로27다길 57-3,751,862,757,6 
서울특별시 구로구 디지털로27라길 15,1020,1020,1252,232 
서울특별시 구로구 디지털로27라길 16,750,0,1200,450 
서울특별시 구로구 디지털로27라길 29-10,890,1084,1103,213 
서울특별시 구로구 디지털로27라길 29-8,1041,0,963,-78 
서울특별시 구로구 디지털로27라길 39-11,708,0,924,216 
서울특별시 구로구 디지털로27라길 39-6,837,0,1142,305 
서울특별시 구로구 디지털로27라길 39-9,684,0,919,235 
서울특별시 구로구 디지털로31길 119,2559,3071,2824,265 
서울특별시 구로구 디지털로31길 120,2599,2275,3438,839 
서울특별시 구로구 디지털로31길 85,2651,3005,3561,910 
서울특별시 구로구 디지털로31길 90,2220,2826,3070,850 
서울특별시 구로구 디지털로32가길 26,1649,1970,2074,425 
서울특별시 구로구 디지털로32길 92,1503,1514,1612,109 
서울특별시 구로구 부일로 927,1418,1748,1670,252 
서울특별시 구로구 부일로13길 66-5,1558,1921,1575,17 
서울특별시 구로구 부일로1길 126,1277,1302,1158,-119 
서울특별시 구로구 부일로9길 127,1905,1894,2370,465 
서울특별시 구로구 부일로9길 133,1329,1307,1325,-4 
서울특별시 구로구 새말로 25,1768,2176,2367,599 
서울특별시 구로구 새말로 31,1893,2862,2609,716 
서울특별시 구로구 새말로 93,2195,2796,3324,1129 
서울특별시 구로구 새말로16길 56,1360,1557,1569,209 
서울특별시 구로구 새말로16길 70,1817,1826,2042,225 
서울특별시 구로구 새말로18길 64,2297,2389,3108,811 
서울특별시 구로구 새말로9길 22,1598,2449,2662,1064 
서울특별시 구로구 새말로9길 45,1864,2310,2875,1011 
서울특별시 구로구 서해안로 2275,1984,2119,2091,107 
서울특별시 구로구 서해안로 2283,1502,1813,2089,587 
서울특별시 구로구 서해안로 2368,1982,1908,1883,-99 
서울특별시 구로구 서해안로34가길 18,1159,1252,1612,453 
서울특별시 구로구 서해안로34가길 22,1168,1396,1416,248 
서울특별시 구로구 시흥대로161길 50,1708,2018,2430,722 
서울특별시 구로구 신도림로 105,2082,2821,3424,1342 
서울특별시 구로구 신도림로 11,1814,2788,3310,1496 
서울특별시 구로구 신도림로 110,2273,2863,3327,1054 
서울특별시 구로구 신도림로 16,2488,2414,3737,1249 
서울특별시 구로구 신도림로 32,2478,2919,3915,1437 
서울특별시 구로구 신도림로 56-13,2798,2752,4410,1612 
서울특별시 구로구 신도림로 78,2161,3242,3662,1501 
서울특별시 구로구 신도림로 87,2793,3109,4457,1664 
서울특별시 구로구 신도림로11가길 36,2086,2294,3243,1157 
서울특별시 구로구 신도림로19길 16,2403,3083,3812,1409 
서울특별시 구로구 신도림로21길 21,2086,2862,3256,1170 
서울특별시 구로구 신도림로21길 25,2194,2920,3307,1113 
서울특별시 구로구 연동로13길 18-38,1060,1290,1290,230 
서울특별시 구로구 연동로13길 18-46,1305,0,1184,-121 
서울특별시 구로구 연동로13길 25,1549,1748,1980,431 
서울특별시 구로구 오류로 30,2236,3302,2738,502 
서울특별시 구로구 오류로 65,1699,2098,2121,422 
서울특별시 구로구 오류로8길 11,1828,2640,2287,459 
서울특별시 구로구 오류로8라길 20-8,1183,0,1193,10 
서울특별시 구로구 오리로 1102-10,1848,2194,2389,541 
서울특별시 구로구 오리로 1197,2146,2566,3056,910 
서울특별시 구로구 오리로13가길 30,1365,1531,1652,287 
서울특별시 구로구 오리로13길 18,909,1228,1455,546 
서울특별시 구로구 오리로13길 76,1456,1563,1488,32 
서울특별시 구로구 오리로13길 90-3,1386,1636,1658,272 
서울특별시 구로구 오리로20길 42,1150,1369,1934,784 
서울특별시 구로구 오리로20길 48,1637,1407,1442,-195 
서울특별시 구로구 오리로20길 52,1328,1306,1534,206 
서울특별시 구로구 오리로22가길 32,1093,0,1296,203 
서울특별시 구로구 오리로22가길 34,1118,0,1145,27 
서울특별시 구로구 오리로22나길 16-31,1374,1363,1417,43 
서울특별시 구로구 중앙로 101,1325,1384,1598,273 
서울특별시 구로구 중앙로 121,2634,2296,3664,1030 
서울특별시 구로구 중앙로12길 12,1228,1709,2031,803 
서울특별시 구로구 중앙로12길 17-8,1827,2752,2989,1162 
서울특별시 구로구 중앙로12길 7,1780,2418,2519,739 
서울특별시 구로구 중앙로14길 7,1694,1475,1876,182 
서울특별시 구로구 중앙로15길 125,1344,1264,1793,449 
서울특별시 구로구 중앙로15길 132-17,1474,1683,1809,335 
서울특별시 구로구 중앙로15길 132-60,1146,1076,1225,79 
서울특별시 구로구 중앙로15길 132-62,1106,1174,1097,-9 
서울특별시 구로구 중앙로15길 151,1568,2296,2545,977 
서울특별시 구로구 중앙로1길 18-18,1442,1527,1656,214 
서울특별시 구로구 중앙로1길 18-19,1539,1897,2056,517 
서울특별시 구로구 중앙로5길 20,1480,2020,2393,913 
서울특별시 구로구 중앙로5길 24,1566,1860,2181,615 
서울특별시 구로구 중앙로5길 62,1618,2058,2175,557 
서울특별시 구로구 중앙로6길 17,1583,2203,2408,825 
서울특별시 구로구 중앙로6길 5-15,1470,1866,2061,591 
서울특별시 구로구 중앙로8길 11,1700,2234,2522,822 
서울특별시 구로구 천왕로 10,1806,2167,2404,598 
서울특별시 구로구 천왕로 29,1894,2136,2284,390 
서울특별시 구로구 천왕로 56,1872,2272,2524,652 
서울특별시 구로구 천왕로 9,1818,2241,2209,391 
서울특별시 구로구 천왕로 91,2346,2808,2944,598 
서울특별시 구로구 천왕로 92,2097,2330,2699,602 
서울특별시 금천구 가산로 106,1448,1582,1654,206 
서울특별시 금천구 가산로 99,1802,1943,2440,638 
서울특별시 금천구 가산로5길 14,1308,0,1927,619 
서울특별시 금천구 금하로 750,1566,1436,2242,676 
서울특별시 금천구 금하로 793,1226,1415,1424,198 
서울특별시 금천구 금하로 816,1477,1588,1745,268 
서울특별시 금천구 금하로23길 52,1553,1970,2021,468 
서울특별시 금천구 금하로23라길 31,1160,1200,1276,116 
서울특별시 금천구 금하로24길 91,1170,1412,1157,-13 
서울특별시 금천구 금하로24나길 48,1362,2068,1920,558 
서울특별시 금천구 금하로30길 34,1352,1405,1602,250 
서울특별시 금천구 금하로3길 26,1572,1978,2543,971 
서울특별시 금천구 남부순환로 1266,3152,0,3152,0 
서울특별시 금천구 남부순환로108길 23-10,1197,0,1116,-81 
서울특별시 금천구 남부순환로120길 17,1147,0,1633,486 
서울특별시 금천구 남부순환로120길 22,1742,1931,1866,124 
서울특별시 금천구 독산로 78-1,1376,1441,1612,236 
서울특별시 금천구 독산로10길 96,1542,1635,1902,360 
서울특별시 금천구 독산로22길 86,1169,1197,1053,-116 
서울특별시 금천구 독산로24나길 13,746,539,882,136 
서울특별시 금천구 독산로24다길 22,1128,0,1198,70 
서울특별시 금천구 독산로36길 36,1653,1873,1953,300 
서울특별시 금천구 독산로36길 62,1401,1476,1681,280 
서울특별시 금천구 독산로40길 97,1332,0,1412,80 
서울특별시 금천구 독산로50길 151-1,1010,0,899,-111 
서울특별시 금천구 독산로50길 57-2,1542,1651,1645,103 
서울특별시 금천구 독산로50길 89,1471,1312,1794,323 
서울특별시 금천구 독산로78다길 52,1431,1478,1745,314 
서울특별시 금천구 독산로80가길 26,1171,0,1436,265 
서울특별시 금천구 독산로84길 43,1088,0,1316,228 
서울특별시 금천구 독산로84길 45,1020,0,1140,120 
서울특별시 금천구 독산로85길 7-8,1503,1435,2092,589 
서울특별시 금천구 두산로 36,1346,1651,1994,648 
서울특별시 금천구 두산로11길 22,1464,1747,2239,775 
서울특별시 금천구 두산로5길 58,1248,0,1446,198 
서울특별시 금천구 두산로9가길 30,1053,1092,1186,133 
서울특별시 금천구 두산로9길 56,1580,1745,1916,336 
서울특별시 금천구 디지털로12길 15,3655,3303,2318,-1337 
서울특별시 금천구 문성로 15,1243,0,1466,223 
서울특별시 금천구 문성로 29,1129,1427,1571,442 
서울특별시 금천구 문성로 39,1279,1421,1691,412 
서울특별시 금천구 문성로1길 7,1337,1453,1597,260 
서울특별시 금천구 문성로3길 64,1285,1188,1593,308 
서울특별시 금천구 범안로 1136,1622,1924,2177,555 
서울특별시 금천구 범안로 1158,1334,1453,1952,618 
서울특별시 금천구 범안로12길 41,2287,1844,1646,-641 
서울특별시 금천구 범안로15길 65,1483,1529,2298,815 
서울특별시 금천구 범안로15길 7,1663,1718,2210,547 
서울특별시 금천구 범안로17길 12,1707,1855,2580,873 
서울특별시 금천구 범안로17길 41,1511,1726,2542,1031 
서울특별시 금천구 벚꽃로 40,2568,4003,3770,1202 
서울특별시 금천구 벚꽃로 60,1330,1713,1713,383 
서울특별시 금천구 벚꽃로 73,1682,2231,2083,401 
서울특별시 금천구 벚꽃로18길 36,1376,1514,2062,686 
서울특별시 금천구 벚꽃로6길 3,1904,2176,2467,563 
서울특별시 금천구 시흥대로 165,2424,2274,3170,746 
서울특별시 금천구 시흥대로 236,2334,2112,2089,-245 
서울특별시 금천구 시흥대로 251,1706,1754,1865,159 
서울특별시 금천구 시흥대로112길 6,1691,1751,2549,858 
서울특별시 금천구 시흥대로120길 40,1315,1563,1960,645 
서울특별시 금천구 시흥대로128길 19,1490,1573,1925,435 
서울특별시 금천구 시흥대로12길 10-8,1707,1650,1843,136 
서울특별시 금천구 시흥대로12길 28,1757,1928,1733,-24 
서울특별시 금천구 시흥대로12길 33,1022,1027,1401,379 
서울특별시 금천구 시흥대로144길 16,1350,0,1424,74 
서울특별시 금천구 시흥대로150길 21-58,1749,1481,1765,16 
서울특별시 금천구 시흥대로150길 6,2082,2335,2754,672 
서울특별시 금천구 시흥대로151길 45,1590,1623,1788,198 
서울특별시 금천구 시흥대로152길 25,1368,2079,2436,1068 
서울특별시 금천구 시흥대로16길 21,1130,0,1260,130 
서울특별시 금천구 시흥대로24길 32,1014,1105,1267,253 
서울특별시 금천구 시흥대로28길 48,931,0,1039,108 
서울특별시 금천구 시흥대로2길 8-31,1437,1415,1566,129 
서울특별시 금천구 시흥대로37길 20,1575,1592,1740,165 
서울특별시 금천구 시흥대로45길 26,1146,1215,1108,-38 
서울특별시 금천구 시흥대로47길 43,2002,2717,3538,1536 
서울특별시 금천구 시흥대로50길 12-27,1203,1259,1628,425 
서울특별시 금천구 시흥대로51길 55,1445,1807,2355,910 
서울특별시 금천구 시흥대로51길 93-25,821,0,1273,452 
서울특별시 금천구 시흥대로59길 35,1447,1854,2562,1115 
서울특별시 금천구 시흥대로73길 11,1786,2454,3714,1928 
서울특별시 금천구 시흥대로77길 23,1903,1709,2560,657 
서울특별시 금천구 시흥대로88길 21,1267,1388,1267,0 
서울특별시 금천구 탑골로 84,1005,1448,1536,531 
서울특별시 금천구 탑골로2길 19,1668,1692,1689,21 
서울특별시 금천구 탑골로2길 24,1901,1387,1930,29 
서울특별시 금천구 탑골로3길 50,1545,2082,2451,906 
서울특별시 금천구 한내로 52,1440,1450,1440,0 
서울특별시 금천구 한내로 62,1420,1398,1604,184 
서울특별시 금천구 한내로 69-54,1622,2109,2069,447 
서울특별시 노원구 공릉로 126,1810,2319,2440,630 
서울특별시 노원구 공릉로 130,1480,1325,2110,630 
서울특별시 노원구 공릉로 157,1333,1270,1632,299 
서울특별시 노원구 공릉로 168-6,1284,1343,1751,467 
서울특별시 노원구 공릉로 206,1484,1565,1842,358 
서울특별시 노원구 공릉로 213,1670,2117,2103,433 
서울특별시 노원구 공릉로 351,2063,2494,2697,634 
서울특별시 노원구 공릉로27길 110,1700,1588,1923,223 
서울특별시 노원구 공릉로34길 118,1732,1792,2206,474 
서울특별시 노원구 공릉로34길 45,1295,2096,2149,854 
서울특별시 노원구 공릉로34길 62,1874,2264,2306,432 
서울특별시 노원구 공릉로41가길 19,1303,1138,1400,97 
서울특별시 노원구 공릉로42길 13-14,1553,1885,1845,292 
서울특별시 노원구 공릉로46길 19,1585,2167,2053,468 
서울특별시 노원구 공릉로46길 32,1531,1892,1957,426 
서울특별시 노원구 공릉로51길 14-17,1322,1827,2122,800 
서울특별시 노원구 공릉로51길 14-8,1336,1670,1719,383 
서울특별시 노원구 공릉로58길 176,1539,1933,2259,720 
서울특별시 노원구 공릉로59길 25,1806,2413,2348,542 
서울특별시 노원구 공릉로59길 28,1791,2334,2539,748 
서울특별시 노원구 광운로 132,1484,2089,1860,376 
서울특별시 노원구 광운로 46,1712,2098,2374,662 
서울특별시 노원구 광운로19길 38,1609,2207,2312,703 
서울특별시 노원구 광운로2가길 22,1242,1486,1871,629 
서울특별시 노원구 광운로2나길 30,1462,1850,2081,619 
서울특별시 노원구 광운로2나길 50,1633,1750,2026,393 
서울특별시 노원구 광운로3길 20-5,1541,0,1900,359 
서울특별시 노원구 노원로 214,1583,1895,2192,609 
서울특별시 노원구 노원로 29,1612,2147,2332,720 
서울특별시 노원구 노원로 428,1840,2317,2354,514 
서울특별시 노원구 노원로 532,2084,2300,2514,430 
서울특별시 노원구 노원로 564,2254,2504,2805,551 
서울특별시 노원구 노원로 569,1763,2174,2323,560 
서울특별시 노원구 노원로 58,1814,2135,2392,578 
서울특별시 노원구 노원로 62,1765,2172,2510,745 
서울특별시 노원구 노원로11길 23,1631,2202,2279,648 
서울특별시 노원구 노원로18길 19,1980,2234,2768,788 
서울특별시 노원구 노원로1가길 10,1626,2086,2315,689 
서울특별시 노원구 노원로1길 103,1410,1807,2170,760 
서울특별시 노원구 노원로1길 121,1122,1206,1306,184 
서울특별시 노원구 노원로1길 21,1711,1943,2099,388 
서울특별시 노원구 노원로22길 34,2010,2577,2792,782 
서울특별시 노원구 노원로22길 53,2287,3167,3377,1090 
서울특별시 노원구 노원로22길 71,2408,3032,3507,1099 
서울특별시 노원구 노원로26가길 7,1734,2038,2301,567 
서울특별시 노원구 노원로26나길 20,1448,1516,1863,415 
서울특별시 노원구 노원로28길 15,1974,2372,2546,572 
서울특별시 노원구 노원로28길 38,1302,1874,1979,677 
서울특별시 노원구 노원로28길 62,2032,2124,2039,7 
서울특별시 노원구 노원로30길 74,1704,1791,2172,468 
서울특별시 노원구 노원로30길 81,1787,1974,2452,665 
서울특별시 노원구 노원로34길 34,1538,1817,1894,356 
서울특별시 노원구 노해로 508,2315,2632,3138,823 
서울특별시 노원구 노해로85길 10-55,3007,2816,2827,-180 
서울특별시 노원구 누원로 18,1956,1829,2358,402 
서울특별시 노원구 누원로 28,1526,1718,1831,305 
서울특별시 노원구 덕릉로 459-18,1728,2035,2140,412 
서울특별시 노원구 덕릉로 459-21,1793,2352,2436,643 
서울특별시 노원구 덕릉로 517,1721,1935,2205,484 
서울특별시 노원구 덕릉로 595,2077,2760,3048,971 
서울특별시 노원구 덕릉로 613,1768,2340,2508,740 
서울특별시 노원구 덕릉로 718,1208,1707,1750,542 
서울특별시 노원구 덕릉로 721,1243,1398,1550,307 
서울특별시 노원구 덕릉로 780,1510,1749,1943,433 
서울특별시 노원구 덕릉로112길 24,1594,1926,2125,531 
서울특별시 노원구 덕릉로115다길 40,1381,1636,1594,213 
서울특별시 노원구 덕릉로118길 29,1606,1633,1913,307 
서울특별시 노원구 덕릉로127길 25,1430,1559,1650,220 
서울특별시 노원구 덕릉로60길 185,1399,1431,1467,68 
서울특별시 노원구 덕릉로60길 222,1690,1676,1668,-22 
서울특별시 노원구 덕릉로60길 252,1388,1470,1489,101 
서울특별시 노원구 덕릉로60길 288,1206,1358,1315,109 
서울특별시 노원구 덕릉로70가길 21,2062,3038,3037,975 
서울특별시 노원구 덕릉로71길 30,2164,1908,2724,560 
서울특별시 노원구 덕릉로71길 5,2084,2378,2964,880 
서울특별시 노원구 덕릉로73길 28,1831,1992,2506,675 
서울특별시 노원구 덕릉로76길 29,1785,2008,2709,924 
서울특별시 노원구 덕릉로77길 5,1793,2133,2360,567 
서울특별시 노원구 덕릉로79길 23,1609,1509,2188,579 
서울특별시 노원구 덕릉로82길 13,1790,2174,2753,963 
서울특별시 노원구 덕릉로83길 9-7,2291,2299,2367,76 
서울특별시 노원구 덕릉로84길 33,1554,0,2864,1310 
서울특별시 노원구 덕릉로84길 7,1656,2115,2298,642 
서울특별시 노원구 덕릉로86길 70,1634,1832,1693,59 
서울특별시 노원구 덕릉로89길 8,1500,1551,1942,442 
서울특별시 노원구 덕릉로94가길 20,1679,2022,2237,558 
서울특별시 노원구 덕릉로94길 10,1525,1859,2211,686 
서울특별시 노원구 덕릉로94길 21,1770,1802,2271,501 
서울특별시 노원구 덕릉로94길 6,1758,2188,2462,704 
서울특별시 노원구 동일로 1356,2176,2793,3066,890 
서울특별시 노원구 동일로 1361,2784,2731,3348,564 
서울특별시 노원구 동일로 1362,2515,2675,3127,612 
서울특별시 노원구 동일로 1383,2779,3541,4317,1538 
서울특별시 노원구 동일로 1384,2687,3074,3343,656 
서울특별시 노원구 동일로 1389,2731,3691,4405,1674 
서울특별시 노원구 동일로 1390,2623,2775,4132,1509 
서울특별시 노원구 동일로 1456,2609,2918,3511,902 
서울특별시 노원구 동일로 986,2230,2576,2906,676 
서울특별시 노원구 동일로173가길 140,1162,0,1134,-28 
서울특별시 노원구 동일로173가길 145,1546,1806,2180,634 
서울특별시 노원구 동일로173가길 90,1197,0,1690,493 
서울특별시 노원구 동일로175길 38,1474,1903,1767,293 
서울특별시 노원구 동일로176길 19-15,996,1266,1385,389 
서울특별시 노원구 동일로176길 39-12,1437,1531,1750,313 
서울특별시 노원구 동일로178길 39-3,1005,0,1361,356 
서울특별시 노원구 동일로178길 53,1465,1504,1893,428 
서울특별시 노원구 동일로179길 12-11,1149,0,1460,311 
서울특별시 노원구 동일로179길 12-32,1183,1329,1307,124 
서울특별시 노원구 동일로180길 48-9,1286,1625,1725,439 
서울특별시 노원구 동일로183길 34,1464,1929,1794,330 
서울특별시 노원구 동일로190길 11,1460,1321,1538,78 
서울특별시 노원구 동일로190길 7,2064,2271,2124,60 
서울특별시 노원구 동일로191가길 26,1446,1812,1661,215 
서울특별시 노원구 동일로191가길 33-3,1285,1393,1689,404 
서울특별시 노원구 동일로191가길 33-5,1179,1324,1471,292 
서울특별시 노원구 동일로191가길 59,1732,2152,2351,619 
서울특별시 노원구 동일로191가길 66,1582,1683,1942,360 
서울특별시 노원구 동일로191길 36,1163,1419,1639,476 
서울특별시 노원구 동일로192가길 26,1530,0,2058,528 
서울특별시 노원구 동일로192나길 26,1496,1839,2085,589 
서울특별시 노원구 동일로193길 7,1699,1983,2300,601 
서울특별시 노원구 동일로193길 8,1441,0,1561,120 
서울특별시 노원구 동일로195길 39,1653,1748,2141,488 
서울특별시 노원구 동일로197길 85,1743,1921,2029,286 
서울특별시 노원구 동일로198가길 13,1882,2133,2200,318 
서울특별시 노원구 동일로198가길 149,1810,2167,2125,315 
서울특별시 노원구 동일로198길 24,1516,1728,2162,646 
서울특별시 노원구 동일로207길 17,2047,2336,2553,506 
서울특별시 노원구 동일로207길 18,2034,2317,2484,450 
서울특별시 노원구 동일로207길 186,1904,2361,2434,530 
서울특별시 노원구 동일로208길 19,2074,2196,2506,432 
서울특별시 노원구 동일로208길 20,1934,2295,2453,519 
서울특별시 노원구 동일로213길 21,2023,2496,2878,855 
서울특별시 노원구 동일로214길 21,2079,2174,2752,673 
서울특별시 노원구 동일로215길 23,2181,2550,2918,737 
서울특별시 노원구 동일로215길 48,2396,2769,3213,817 
서울특별시 노원구 동일로216길 47,3412,3968,5190,1778 
서울특별시 노원구 동일로216길 92,1690,1562,2280,590 
서울특별시 노원구 동일로221길 22,2044,2429,2658,614 
서울특별시 노원구 동일로227길 25,2285,2577,2704,419 
서울특별시 노원구 동일로227길 85,2018,2045,2458,440 
서울특별시 노원구 동일로227길 86,1825,1921,2120,295 
서울특별시 노원구 동일로228길 23,1979,2201,2491,512 
서울특별시 노원구 동일로230가길 15,1387,1316,1981,594 
서울특별시 노원구 동일로230가길 71,1595,1633,2286,691 
서울특별시 노원구 동일로230길 26,906,1043,1230,324 
서울특별시 노원구 동일로230길 63,1224,1474,1575,351 
서울특별시 노원구 동일로231길 72,1516,1513,1589,73 
서울특별시 노원구 동일로231길 86,1363,1517,1604,241 
서울특별시 노원구 동일로231다길 23,1242,1528,1499,257 
서울특별시 노원구 동일로236길 42,993,0,1345,352 
서울특별시 노원구 동일로237길 41,1235,1345,1648,413 
서울특별시 노원구 동일로237마길 56,1206,1224,1284,78 
서울특별시 노원구 동일로237바길 17,1315,1532,1560,245 
서울특별시 노원구 동일로238길 33,1756,0,2244,488 
서울특별시 노원구 동일로239길 68,1508,1640,1984,476 
서울특별시 노원구 동일로239나길 31,1691,1833,2011,320 
서울특별시 노원구 동일로241길 53,1585,1884,2062,477 
서울특별시 노원구 동일로242길 80,1392,1496,1506,114 
서울특별시 노원구 동일로242길 95,1439,1616,1685,246 
서울특별시 노원구 동일로242나길 20,1417,1433,1586,169 
서울특별시 노원구 동일로242라길 21-11,1682,1815,2587,905 
서울특별시 노원구 동일로242라길 27,1744,1963,1698,-46 
서울특별시 노원구 동일로245가길 41,1778,1963,2201,423 
서울특별시 노원구 동일로245길 162,1763,2053,1994,231 
서울특별시 노원구 동일로246길 39,1717,1757,2175,458 
서울특별시 노원구 동일로248길 16,1586,1696,2330,744 
서울특별시 노원구 동일로250길 18,1637,1493,1795,158 
서울특별시 노원구 마들로 111,2242,3141,3620,1378 
서울특별시 노원구 마들로 127,1982,2624,3111,1129 
서울특별시 노원구 마들로 31,2089,2378,2764,675 
서울특별시 노원구 마들로 59,2249,3004,3882,1633 
서울특별시 노원구 마들로1길 44,1560,2339,2106,546 
서울특별시 노원구 마들로3길 37,1870,1907,2323,453 
서울특별시 노원구 마들로5길 25,2180,2150,2438,258 
서울특별시 노원구 상계로 193-14,1632,1409,2076,444 
서울특별시 노원구 상계로1길 82-14,1771,2257,2484,713 
서울특별시 노원구 상계로1길 92,2448,2778,3316,868 
서울특별시 노원구 상계로23길 64,1177,1113,1266,89 
서울특별시 노원구 상계로23다길 13-8,1232,1315,1468,236 
서울특별시 노원구 상계로26길 20,1710,2310,1755,45 
서울특별시 노원구 상계로3길 50,1962,2160,2433,471 
서울특별시 노원구 상계로3길 53,2005,2291,2530,525 
서울특별시 노원구 상계로5길 12,2123,2398,2718,595 
서울특별시 노원구 상계로7길 18,1633,1994,2294,661 
서울특별시 노원구 석계로 107,1510,1730,1767,257 
서울특별시 노원구 석계로 49,1877,1871,2673,796 
서울특별시 노원구 석계로13길 35,1639,1779,2117,478 
서울특별시 노원구 석계로13길 6-10,1575,1962,2003,428 
서울특별시 노원구 석계로13길 6-9,1463,1100,2636,1173 
서울특별시 노원구 석계로15길 25,1519,1943,2486,967 
서울특별시 노원구 석계로18길 23,1729,0,2148,419 
서울특별시 노원구 섬밭로 123,1820,2074,2279,459 
서울특별시 노원구 섬밭로 134,2090,2254,2402,312 
서울특별시 노원구 섬밭로 139,1834,2381,2432,598 
서울특별시 노원구 섬밭로 156,1844,1916,2271,427 
서울특별시 노원구 섬밭로 17,1559,1648,1695,136 
서울특별시 노원구 섬밭로 196,1759,2163,2475,716 
서울특별시 노원구 섬밭로 229,1935,2156,2405,470 
서울특별시 노원구 섬밭로 232,1827,2179,2694,867 
서울특별시 노원구 섬밭로 265,1890,2252,2534,644 
서울특별시 노원구 섬밭로 285,1976,1998,2395,419 
서울특별시 노원구 섬밭로 5,1455,0,1913,458 
서울특별시 노원구 섬밭로 52,1492,1993,2217,725 
서울특별시 노원구 수락산로 174,1706,1874,2076,370 
서울특별시 노원구 수락산로 190,1326,1381,1331,5 
서울특별시 노원구 수락산로 234,1506,1686,1864,358 
서울특별시 노원구 수락산로 246,1431,1524,1740,309 
서울특별시 노원구 수락산로 250,1187,1406,1562,375 
서울특별시 노원구 우이천로 102,1510,1624,1616,106 
서울특별시 노원구 우이천로2나길 14,1480,1555,2053,573 
서울특별시 노원구 월계로42길 97,2308,2753,3027,719 
서울특별시 노원구 월계로45가길 89,1531,1640,1729,198 
서울특별시 노원구 월계로45가길 94,1441,1652,1763,322 
서울특별시 노원구 월계로45길 21,1988,2260,2820,832 
서울특별시 노원구 월계로53길 21,1847,2079,2426,579 
서울특별시 노원구 월계로55길 15,1768,2104,2317,549 
서울특별시 노원구 중계로 107,1495,1827,2060,565 
서울특별시 노원구 중계로 160,1329,1482,1946,617 
서울특별시 노원구 중계로 172-13,1737,1956,2556,819 
서울특별시 노원구 중계로 184,2051,2735,2872,821 
서울특별시 노원구 중계로 195,2002,2155,2740,738 
서울특별시 노원구 중계로 230,2093,2653,3023,930 
서울특별시 노원구 중계로 233,2525,3114,3675,1150 
서울특별시 노원구 중계로12길 24,1672,2112,2367,695 
서울특별시 노원구 중계로12길 39,1048,1200,1366,318 
서울특별시 노원구 중계로14가길 5,1537,1676,1984,447 
서울특별시 노원구 중계로14나길 25,1679,2201,2082,403 
서울특별시 노원구 중계로16나길 11,1006,1054,1078,72 
서울특별시 노원구 중계로8길 103,1362,1801,1803,441 
서울특별시 노원구 중계로8길 106,1461,1618,1971,510 
서울특별시 노원구 중계로8길 20,1585,2040,2180,595 
서울특별시 노원구 중계로8길 29,1954,1953,2624,670 
서울특별시 노원구 중계로8길 39,1359,1456,1806,447 
서울특별시 노원구 초안산로1길 18,1541,1830,1962,421 
서울특별시 노원구 초안산로2길 91,1515,1824,2809,1294 
서울특별시 노원구 초안산로5길 22,1103,1584,1726,623 
서울특별시 노원구 한글비석로 151,1603,1882,1906,303 
서울특별시 노원구 한글비석로 366,1360,1733,1780,420 
서울특별시 노원구 한글비석로 383,1442,1673,2000,558 
서울특별시 노원구 한글비석로 384,1664,1853,1826,162 
서울특별시 노원구 한글비석로 396,1582,1858,1976,394 
서울특별시 노원구 한글비석로 399,1544,1627,2026,482 
서울특별시 노원구 한글비석로 479,1783,1982,2268,485 
서울특별시 노원구 한글비석로 480,1656,1957,2220,564 
서울특별시 노원구 한글비석로 530,2098,2190,2546,448 
서울특별시 노원구 한글비석로 91,2018,2450,2867,849 
서울특별시 노원구 한글비석로14길 36,1628,0,2646,1018 
서울특별시 노원구 한글비석로14길 37,1574,1568,1912,338 
서울특별시 노원구 한글비석로14길 42,1450,1920,2281,831 
서울특별시 노원구 한글비석로14길 8,1596,1850,2219,623 
서울특별시 노원구 한글비석로15길 51,1565,1772,2207,642 
서울특별시 노원구 한글비석로19길 15,2004,2330,3161,1157 
서울특별시 노원구 한글비석로46가길 16,1400,1682,1755,355 
서울특별시 노원구 한글비석로46가길 34,1404,1638,1798,394 
서울특별시 노원구 한글비석로46나길 10,1288,1524,1593,305 
서울특별시 노원구 한글비석로48길 6,1494,1527,1998,504 
서울특별시 노원구 한글비석로52길 54,1600,1667,1778,178 
서울특별시 노원구 한글비석로52길 66,1437,1359,1704,267 
서울특별시 노원구 한글비석로54길 92,1697,1797,2016,319 
서울특별시 노원구 한글비석로5길 62,1999,2277,2724,725 
서울특별시 노원구 한글비석로8길 20,2036,2410,3159,1123 
서울특별시 노원구 한글비석로8길 41,1839,2237,2607,768 
서울특별시 노원구 한글비석로8길 42,1755,2395,2260,505 
서울특별시 노원구 화랑로 355,1612,1957,2130,518 
서울특별시 노원구 화랑로 421,3198,3150,2996,-202 
서울특별시 노원구 화랑로 441,2934,3041,3164,230 
서울특별시 노원구 화랑로 443,3287,3344,3388,101 
서울특별시 노원구 화랑로 556,1739,2098,2390,651 
서울특별시 노원구 화랑로43길 34,2041,2290,3094,1053 
서울특별시 노원구 화랑로45길 42-18,1627,1976,2107,480 
서울특별시 노원구 화랑로47길 38,2190,2343,2838,648 
서울특별시 노원구 화랑로51길 17,1982,2214,2592,610 
서울특별시 노원구 화랑로51길 78,1886,2112,2167,281 
서울특별시 도봉구 노해로 170,1095,1271,1376,281 
서울특별시 도봉구 노해로 184-9,1252,1313,1549,297 
서울특별시 도봉구 노해로38길 15,1191,985,1449,258 
서울특별시 도봉구 노해로40길 71,1662,1786,2107,445 
서울특별시 도봉구 노해로41가길 16,1650,2004,2219,569 
서울특별시 도봉구 노해로41길 17,994,0,793,-201 
서울특별시 도봉구 노해로45길 26,1236,1306,1574,338 
서울특별시 도봉구 노해로46길 74,732,0,1130,398 
서울특별시 도봉구 노해로57길 85,1078,0,1227,149 
서울특별시 도봉구 노해로62길 77,1070,1086,1222,152 
서울특별시 도봉구 노해로63가길 22,1354,0,1826,472 
서울특별시 도봉구 노해로63가길 7,1824,2546,2744,920 
서울특별시 도봉구 노해로63길 75,1942,2505,2788,846 
서울특별시 도봉구 노해로63다길 34,2053,2234,2882,829 
서울특별시 도봉구 노해로66길 21,1920,2321,2650,730 
서울특별시 도봉구 노해로69가길 54,1779,1941,2419,640 
서울특별시 도봉구 노해로69길 103,2058,1834,3008,950 
서울특별시 도봉구 노해로70길 119,1658,2402,2810,1152 
서울특별시 도봉구 노해로70길 12,1842,2169,2547,705 
서울특별시 도봉구 노해로70길 126,1894,2150,2793,899 
서울특별시 도봉구 노해로70길 19,2170,2693,3086,916 
서울특별시 도봉구 노해로70길 54,1984,2531,2948,964 
서울특별시 도봉구 덕릉로 349,1790,2193,2388,598 
서울특별시 도봉구 덕릉로 350,1928,2333,2450,522 
서울특별시 도봉구 덕릉로 371,1904,2630,2495,591 
서울특별시 도봉구 덕릉로59가길 25,1073,0,1124,51 
서울특별시 도봉구 덕릉로60길 164-13,1442,1399,1530,88 
서울특별시 도봉구 덕릉로60바길 21,1273,1236,1458,185 
서울특별시 도봉구 덕릉로62길 13,1389,1601,1533,144 
서울특별시 도봉구 덕릉로63가길 43,1680,2103,2000,320 
서울특별시 도봉구 덕릉로66길 17,1730,2126,2312,582 
서울특별시 도봉구 도당로 10,849,0,830,-19 
서울특별시 도봉구 도당로 116,1566,1595,1632,66 
서울특별시 도봉구 도당로 13,1380,1685,1604,224 
서울특별시 도봉구 도당로 18,1078,1427,1524,446 
서울특별시 도봉구 도당로 37,1335,1466,1533,198 
서울특별시 도봉구 도당로 6,822,822,835,13 
서울특별시 도봉구 도당로15길 36,1617,1591,1753,136 
서울특별시 도봉구 도당로6길 14-5,1486,1641,1641,155 
서울특별시 도봉구 도당로6길 14-6,1321,1536,1649,328 
서울특별시 도봉구 도당로7길 34,946,0,1143,197 
서울특별시 도봉구 도봉로 588-5,1457,0,1569,112 
서울특별시 도봉구 도봉로 601,1188,1201,1242,54 
서울특별시 도봉구 도봉로 642-30,1272,1278,1657,385 
서울특별시 도봉구 도봉로109길 24,1343,0,1525,182 
서울특별시 도봉구 도봉로110나길 71,1304,1486,1539,235 
서울특별시 도봉구 도봉로110나길 79,1246,1396,1371,125 
서울특별시 도봉구 도봉로110나길 85,1241,0,1217,-24 
서울특별시 도봉구 도봉로110나길 99,1356,0,1444,88 
서울특별시 도봉구 도봉로110다길 5,1644,1733,1908,264 
서울특별시 도봉구 도봉로110다길 51,1845,2306,2182,337 
서울특별시 도봉구 도봉로114길 22-8,1564,1581,1960,396 
서울특별시 도봉구 도봉로117길 70,1155,1105,1230,75 
서울특별시 도봉구 도봉로127길 43-10,1110,1238,1186,76 
서울특별시 도봉구 도봉로129길 45-12,1305,1439,1588,283 
서울특별시 도봉구 도봉로133길 14,1167,0,1190,23 
서울특별시 도봉구 도봉로133길 8-6,1051,1063,1108,57 
서울특별시 도봉구 도봉로136가길 68,1806,2322,2626,820 
서울특별시 도봉구 도봉로136가길 73,1542,1728,2314,772 
서울특별시 도봉구 도봉로136길 111,1667,1804,2468,801 
서울특별시 도봉구 도봉로136길 28,1823,1959,2684,861 
서울특별시 도봉구 도봉로136나길 40,2068,2446,2470,402 
서울특별시 도봉구 도봉로137길 31,1293,1304,1278,-15 
서울특별시 도봉구 도봉로146길 36,1543,1769,1943,400 
서울특별시 도봉구 도봉로146길 48,1711,1724,1870,159 
서울특별시 도봉구 도봉로150가길 27,2364,2364,2292,-72 
서울특별시 도봉구 도봉로150길 31,1530,1905,2085,555 
서울특별시 도봉구 도봉로150길 42,1865,2215,2564,699 
서울특별시 도봉구 도봉로150길 43,1553,1864,1961,408 
서울특별시 도봉구 도봉로150다길 28,2930,3109,2876,-54 
서울특별시 도봉구 도봉로150바길 26,1926,1638,1852,-74 
서울특별시 도봉구 도봉로169길 31,1264,1322,1750,486 
서울특별시 도봉구 도봉로170길 40,1806,2451,2384,578 
서울특별시 도봉구 도봉로180가길 32,1360,1596,1682,322 
서울특별시 도봉구 도봉로180길 50,1228,1341,1438,210 
서울특별시 도봉구 도봉로180길 6-23,1488,1834,1877,389 
서울특별시 도봉구 도봉로180길 6-83,1336,1630,1681,345 
서울특별시 도봉구 도봉로180길 77,1116,1284,1439,323 
서울특별시 도봉구 도봉로180나길 20,1380,1608,1690,310 
서울특별시 도봉구 도봉로181길 74-30,1112,1156,1362,250 
서울특별시 도봉구 도봉산길 17,833,0,1227,394 
서울특별시 도봉구 도봉산길 35,1178,1305,1405,227 
서울특별시 도봉구 마들로 551,2029,2425,3111,1082 
서울특별시 도봉구 마들로 579-19,1717,2389,2440,723 
서울특별시 도봉구 마들로 616,1888,2138,2543,655 
서울특별시 도봉구 마들로 646,1634,2005,2351,717 
서울특별시 도봉구 마들로 657,1460,1474,1599,139 
서울특별시 도봉구 마들로 684-19,1487,1624,1736,249 
서울특별시 도봉구 마들로 684-20,1479,1578,1750,271 
서울특별시 도봉구 마들로 724,1416,1446,1657,241 
서울특별시 도봉구 마들로 735-8,1448,1422,1343,-105 
서울특별시 도봉구 마들로 770,1487,1602,1586,99 
서울특별시 도봉구 마들로 835,1483,1569,1800,317 
서울특별시 도봉구 마들로 859-19,1286,1437,1689,403 
서울특별시 도봉구 마들로 891,1450,1655,1874,424 
서울특별시 도봉구 마들로11가길 6-25,2445,2460,2379,-66 
서울특별시 도봉구 마들로16길 56,1751,1657,2756,1005 
서울특별시 도봉구 방학로 112-9,1629,1884,2087,458 
서울특별시 도봉구 방학로 120,1292,1401,1882,590 
서울특별시 도봉구 방학로 193,1271,1428,1476,205 
서울특별시 도봉구 방학로 200,1144,1481,1597,453 
서울특별시 도봉구 방학로 210,1090,1238,1278,188 
서울특별시 도봉구 방학로 212-11,1134,1184,1268,134 
서울특별시 도봉구 방학로 55,1245,0,1253,8 
서울특별시 도봉구 방학로 57,1163,0,1358,195 
서울특별시 도봉구 방학로11길 10,1319,1456,1598,279 
서울특별시 도봉구 방학로11길 33,1235,1484,1528,293 
서울특별시 도봉구 방학로11길 36,1305,1432,1466,161 
서울특별시 도봉구 방학로12길 53,1366,1514,1642,276 
서울특별시 도봉구 방학로15길 26-7,1225,1256,1500,275 
서울특별시 도봉구 방학로15길 40,1238,1210,1513,275 
서울특별시 도봉구 방학로5길 33,1735,1715,1756,21 
서울특별시 도봉구 방학로7길 15,1269,1425,1737,468 
서울특별시 도봉구 방학로7길 16,1349,1542,1530,181 
서울특별시 도봉구 방학로7길 30,858,0,967,109 
서울특별시 도봉구 방학로8길 29,1024,1220,1103,79 
서울특별시 도봉구 삼양로 566,2015,1657,2066,51 
서울특별시 도봉구 시루봉로 107,1290,1496,1521,231 
서울특별시 도봉구 시루봉로 166,1441,1714,1612,171 
서울특별시 도봉구 시루봉로 192-6,989,0,944,-45 
서울특별시 도봉구 시루봉로 57,1457,1786,1886,429 
서울특별시 도봉구 시루봉로 58,1391,1739,1461,70 
서울특별시 도봉구 시루봉로 71,1382,1495,1476,94 
서울특별시 도봉구 시루봉로 8,1612,1496,1632,20 
서울특별시 도봉구 시루봉로11길 25-8,1204,1243,1387,183 
서울특별시 도봉구 시루봉로15다길 22,910,0,866,-44 
서울특별시 도봉구 시루봉로2길 22,1476,1466,1737,261 
서울특별시 도봉구 시루봉로2길 62,1208,1437,1547,339 
서울특별시 도봉구 시루봉로2길 90,1413,1575,1668,255 
서울특별시 도봉구 시루봉로5길 48,1398,1717,1636,238 
서울특별시 도봉구 시루봉로6길 53,1205,1456,1514,309 
서울특별시 도봉구 우이천로 200,1263,1623,1039,-224 
서울특별시 도봉구 우이천로 304,1766,2187,2191,425 
서울특별시 도봉구 우이천로 328,1804,1665,2059,255 
서울특별시 도봉구 우이천로 367,1907,1904,1794,-113 
서울특별시 도봉구 우이천로20길 6,1660,1902,1996,336 
서울특별시 도봉구 우이천로20길 7,1788,1716,2083,295 
서울특별시 도봉구 우이천로30길 28,1161,1350,1342,181 
서울특별시 도봉구 우이천로32길 67,1169,1186,1295,126 
서울특별시 도봉구 우이천로38가길 32,1167,1127,1280,113 
서울특별시 도봉구 우이천로38길 99,855,813,770,-85 
서울특별시 도봉구 우이천로4라길 11-14,1359,1551,1716,357 
서울특별시 도봉구 해등로 113,2030,2365,2830,800 
서울특별시 도봉구 해등로 118,1915,2271,2487,572 
서울특별시 도봉구 해등로 121,1907,1525,1910,3 
서울특별시 도봉구 해등로 139,1597,2032,2163,566 
서울특별시 도봉구 해등로 190,1358,1579,1584,226 
서울특별시 도봉구 해등로 195,1475,1577,1709,234 
서울특별시 도봉구 해등로 231,1418,1798,1603,185 
서울특별시 도봉구 해등로 241-14,1352,1588,1641,289 
서울특별시 도봉구 해등로 242-11,1222,1397,1678,456 
서울특별시 도봉구 해등로 242-12,1377,1494,1616,239 
서울특별시 도봉구 해등로 255,1311,902,1295,-16 
서울특별시 도봉구 해등로 264,1236,1418,1441,205 
서울특별시 도봉구 해등로 286-5,1165,1344,1413,248 
서울특별시 도봉구 해등로 295,1370,1583,1570,200 
서울특별시 도봉구 해등로 307,1218,1456,1689,471 
서울특별시 도봉구 해등로 318,880,0,960,80 
서울특별시 도봉구 해등로 32,1424,1542,1465,41 
서울특별시 도봉구 해등로 49,1796,2127,2150,354 
서울특별시 도봉구 해등로 50,2168,2836,3057,889 
서울특별시 도봉구 해등로12길 44,2029,2437,2798,769 
서울특별시 도봉구 해등로16길 12,1549,2225,2202,653 
서울특별시 도봉구 해등로17길 10-10,612,0,1065,453 
서울특별시 도봉구 해등로17길 10-5,905,0,996,91 
서울특별시 도봉구 해등로25길 36,1248,1611,1522,274 
서울특별시 도봉구 해등로25길 41,1380,1537,1656,276 
서울특별시 도봉구 해등로26길 20,1529,1679,1706,177 
서울특별시 동대문구 겸재로 24,1245,1630,1622,377 
서울특별시 동대문구 고미술로 11,1533,2212,2488,955 
서울특별시 동대문구 고미술로 21,1538,0,1685,147 
서울특별시 동대문구 고미술로 57,1941,2119,2411,470 
서울특별시 동대문구 고미술로 71,3206,3066,3037,-169 
서울특별시 동대문구 고산자로 534,1799,2558,2986,1187 
서울특별시 동대문구 답십리로 130,3055,3456,4554,1499 
서울특별시 동대문구 답십리로 141,3576,5117,5227,1651 
서울특별시 동대문구 답십리로 184,1540,2073,2281,741 
서울특별시 동대문구 답십리로 210-30,1905,2592,2176,271 
서울특별시 동대문구 답십리로38길 14,2058,3304,3607,1549 
서울특별시 동대문구 답십리로41길 33,2102,2844,3084,982 
서울특별시 동대문구 답십리로56길 21,1901,2276,2642,741 
서울특별시 동대문구 답십리로59길 33,1569,2390,2147,578 
서울특별시 동대문구 답십리로59길 7,1553,2204,2292,739 
서울특별시 동대문구 답십리로60길 38,1514,1752,2358,844 
서울특별시 동대문구 답십리로66길 20,1578,1774,1764,186 
서울특별시 동대문구 답십리로66길 37,1309,0,1422,113 
서울특별시 동대문구 답십리로68길 31,1581,1521,1657,76 
서울특별시 동대문구 답십리로68길 32,2076,2074,2436,360 
서울특별시 동대문구 답십리로69길 99,1679,1807,2034,355 
서울특별시 동대문구 망우로 105,2004,2520,2510,506 
서울특별시 동대문구 망우로 135,2012,2525,2621,609 
서울특별시 동대문구 망우로 35,2072,2032,2431,359 
서울특별시 동대문구 망우로 67,1677,2222,2123,446 
서울특별시 동대문구 망우로 95,1982,2255,2422,440 
서울특별시 동대문구 망우로20길 86,2122,3495,3837,1715 
서울특별시 동대문구 무학로26길 30,2019,2340,2830,811 
서울특별시 동대문구 사가정로 122,1765,2396,2491,726 
서울특별시 동대문구 사가정로 148,2019,2285,2853,834 
서울특별시 동대문구 사가정로 190,1534,2374,2076,542 
서울특별시 동대문구 사가정로 191,1766,0,2360,594 
서울특별시 동대문구 사가정로 245-3,1508,1984,2012,504 
서울특별시 동대문구 사가정로 6,2434,2434,2628,194 
서울특별시 동대문구 사가정로 65,3312,4428,4683,1371 
서울특별시 동대문구 사가정로23가길 23,1287,1776,1650,363 
서울특별시 동대문구 사가정로23길 40,1363,1737,1698,335 
서울특별시 동대문구 서울시립대로 14,2729,4032,4626,1897 
서울특별시 동대문구 서울시립대로 19,3040,3668,3723,683 
서울특별시 동대문구 서울시립대로 31,1957,2912,3509,1552 
서울특별시 동대문구 서울시립대로 5,1902,2921,2695,793 
서울특별시 동대문구 서울시립대로 75,2980,3993,2924,-56 
서울특별시 동대문구 서울시립대로29길 62,1542,1564,1884,342 
서울특별시 동대문구 신이문로 9,1833,2134,2528,695 
서울특별시 동대문구 약령시로 147,1789,2761,2616,827 
서울특별시 동대문구 약령시로 154,2155,2809,3487,1332 
서울특별시 동대문구 약령시로 25,1759,2780,2728,969 
서울특별시 동대문구 약령시로21길 30,1386,2209,2568,1182 
서울특별시 동대문구 왕산로 52,1709,2253,2751,1042 
서울특별시 동대문구 왕산로 72,2860,2930,2721,-139 
서울특별시 동대문구 왕산로 81,1322,1410,1569,247 
서울특별시 동대문구 왕산로 86,3808,4165,4384,576 
서울특별시 동대문구 왕산로19라길 31,1472,1616,1690,218 
서울특별시 동대문구 왕산로23길 89,1807,2328,2935,1128 
서울특별시 동대문구 왕산로28길 55,1592,1868,2047,455 
서울특별시 동대문구 왕산로37길 27,2048,2714,3476,1428 
서울특별시 동대문구 외대역동로 101,1880,2611,2732,852 
서울특별시 동대문구 외대역동로 14,2177,2471,3094,917 
서울특별시 동대문구 외대역동로 36,1712,1656,2004,292 
서울특별시 동대문구 외대역동로 37,1183,1289,1640,457 
서울특별시 동대문구 외대역동로1길 24,1877,2299,2000,123 
서울특별시 동대문구 이문로 136,1562,1907,1866,304 
서울특별시 동대문구 이문로 199,2488,2418,2196,-292 
서울특별시 동대문구 이문로 3,3562,0,3719,157 
서울특별시 동대문구 이문로 37,3392,3206,3578,186 
서울특별시 동대문구 이문로12길 3-10,2412,2711,3836,1424 
서울특별시 동대문구 이문로1길 21,1753,2136,2876,1123 
서울특별시 동대문구 장안벚꽃로 107,2024,2624,2873,849 
서울특별시 동대문구 장안벚꽃로 167,2148,2947,3119,971 
서울특별시 동대문구 장안벚꽃로 35,1424,1707,1995,571 
서울특별시 동대문구 장안벚꽃로1길 7,2277,2858,3428,1151 
서울특별시 동대문구 장안벚꽃로5길 10,1463,2329,2015,552 
서울특별시 동대문구 장안벚꽃로5길 19,1833,2241,2336,503 
서울특별시 동대문구 장한로 105,2134,1877,1694,-440 
서울특별시 동대문구 장한로 119,1445,1682,1491,46 
서울특별시 동대문구 장한로 91,2296,2068,2077,-219 
서울특별시 동대문구 장한로10길 28,1710,1969,2067,357 
서울특별시 동대문구 장한로12길 35,1734,1980,2155,421 
서울특별시 동대문구 장한로12길 40,1684,1997,1919,235 
서울특별시 동대문구 장한로12길 63,1633,1746,2142,509 
서울특별시 동대문구 장한로12길 79,1555,0,1866,311 
서울특별시 동대문구 장한로12길 89,2050,2241,2078,28 
서울특별시 동대문구 장한로12길 90,1665,0,1836,171 
서울특별시 동대문구 장한로12길 94,1490,0,1733,243 
서울특별시 동대문구 장한로14길 81,1913,3308,2762,849 
서울특별시 동대문구 장한로18길 26-10,1736,0,2123,387 
서울특별시 동대문구 장한로18길 26-3,1329,0,1845,516 
서울특별시 동대문구 장한로18길 31,1306,1131,1799,493 
서울특별시 동대문구 장한로18길 82-14,2652,2768,3848,1196 
서울특별시 동대문구 장한로20길 7,1580,1890,1987,407 
서울특별시 동대문구 장한로21길 11-10,1927,1967,2052,125 
서울특별시 동대문구 장한로21길 11-2,1705,2206,1805,100 
서울특별시 동대문구 장한로21길 11-9,1349,1324,1424,75 
서울특별시 동대문구 장한로22길 44-22,1364,0,1442,78 
서울특별시 동대문구 장한로23길 11-10,1671,1705,1832,161 
서울특별시 동대문구 장한로23길 11-3,1578,1676,1679,101 
서울특별시 동대문구 장한로23길 11-5,2050,2063,2355,305 
서울특별시 동대문구 장한로26가길 11,2477,2169,2587,110 
서울특별시 동대문구 장한로26가길 31,2421,2457,2684,263 
서울특별시 동대문구 장한로26가길 53,2148,2098,2329,181 
서울특별시 동대문구 장한로26가길 63,1868,1919,1973,105 
서울특별시 동대문구 장한로26가길 7,967,1693,1806,839 
서울특별시 동대문구 장한로26가길 86,1408,1674,1682,274 
서울특별시 동대문구 장한로26길 37,1650,1595,1904,254 
서울특별시 동대문구 장한로26길 67,1481,1578,1966,485 
서울특별시 동대문구 장한로26나길 13,1321,1508,1978,657 
서울특별시 동대문구 장한로26나길 16,1547,1600,1560,13 
서울특별시 동대문구 장한로26나길 3,1929,0,2241,312 
서울특별시 동대문구 장한로26나길 42,1817,1810,1938,121 
서울특별시 동대문구 장한로26다길 13,1347,1678,1744,397 
서울특별시 동대문구 장한로26다길 84,1863,2124,2478,615 
서울특별시 동대문구 장한로28가길 114,1849,1612,1942,93 
서울특별시 동대문구 장한로28가길 115,1570,1578,2108,538 
서울특별시 동대문구 장한로28가길 35,1434,1313,1584,150 
서울특별시 동대문구 장한로28가길 44,1801,2202,2492,691 
서울특별시 동대문구 장한로28가길 61,1404,1396,1613,209 
서울특별시 동대문구 장한로28가길 83,1398,0,1747,349 
서울특별시 동대문구 장한로28가길 91,2012,1720,1938,-74 
서울특별시 동대문구 장한로28길 74,1211,0,1710,499 
서울특별시 동대문구 장한로32길 27,1406,0,1515,109 
서울특별시 동대문구 장한로5길 28,1787,2471,2626,839 
서울특별시 동대문구 장한로6길 25-4,1520,1719,2178,658 
서울특별시 동대문구 장한로8길 5,1641,0,2041,400 
서울특별시 동대문구 장한로8길 70,1249,1615,1713,464 
서울특별시 동대문구 장한로8길 80,1467,1387,1752,285 
서울특별시 동대문구 장한로8길 91,922,0,1465,543 
서울특별시 동대문구 전농로 16,2664,2664,2540,-124 
서울특별시 동대문구 전농로 192,2010,3084,2288,278 
서울특별시 동대문구 전농로10길 20,2024,2459,2688,664 
서울특별시 동대문구 전농로10길 80,2196,0,2692,496 
서울특별시 동대문구 전농로16길 51,2198,3070,3684,1486 
서울특별시 동대문구 정릉천동로 100,1212,1605,1757,545 
서울특별시 동대문구 정릉천동로 16,2491,3178,4634,2143 
서울특별시 동대문구 정릉천동로 36,2725,4291,4008,1283 
서울특별시 동대문구 정릉천동로 58,2542,3555,3946,1404 
서울특별시 동대문구 정릉천동로 80,1944,2789,3093,1149 
서울특별시 동대문구 정릉천동로 90,1863,2271,3453,1590 
서울특별시 동대문구 제기로 131,1779,1794,3104,1325 
서울특별시 동대문구 제기로15길 3,1230,2052,2582,1352 
서울특별시 동대문구 천장산로11길 17,1708,1596,2009,301 
서울특별시 동대문구 천장산로11길 22,1915,1808,1578,-337 
서울특별시 동대문구 천장산로9길 56,1247,0,1800,553 
서울특별시 동대문구 천호대로 241,2175,2836,3042,867 
서울특별시 동대문구 천호대로 257,2791,2894,2747,-44 
서울특별시 동대문구 천호대로 289,3331,3309,3197,-134 
서울특별시 동대문구 천호대로 295,1080,1310,1413,333 
서울특별시 동대문구 천호대로 307,1121,1291,1652,531 
서울특별시 동대문구 천호대로47길 62,1948,2206,2997,1049 
서울특별시 동대문구 천호대로55길 11,4270,5021,5194,924 
서울특별시 동대문구 천호대로77가길 27,1692,1982,2310,618 
서울특별시 동대문구 천호대로77길 62,1361,1555,1742,381 
서울특별시 동대문구 천호대로77길 63,1724,1992,2088,364 
서울특별시 동대문구 천호대로77길 79,2003,0,2259,256 
서울특별시 동대문구 천호대로77길 96,1294,1500,1497,203 
서울특별시 동대문구 천호대로77다길 11-12,1673,0,1738,65 
서울특별시 동대문구 천호대로77다길 11-18,1421,1449,1587,166 
서울특별시 동대문구 천호대로77다길 11-6,1561,1749,1756,195 
서울특별시 동대문구 천호대로83길 19,1375,0,2046,671 
서울특별시 동대문구 천호대로83길 71-7,1898,2176,2289,391 
서울특별시 동대문구 천호대로85길 71,1764,2102,2074,310 
서울특별시 동대문구 천호대로89길 30,1475,0,1942,467 
서울특별시 동대문구 천호대로89길 33,1480,1866,2128,648 
서울특별시 동대문구 천호대로93길 56,1779,2222,2274,495 
서울특별시 동대문구 천호대로95길 16,1243,1639,1643,400 
서울특별시 동대문구 천호대로95길 23,1484,0,1740,256 
서울특별시 동대문구 천호대로97길 26,2119,2092,2106,-13 
서울특별시 동대문구 천호대로97길 61,1829,2079,2234,405 
서울특별시 동대문구 천호대로97길 9,3148,3033,3212,64 
서울특별시 동대문구 청계천로 417,2042,2623,2991,949 
서울특별시 동대문구 청계천로 471,2000,2446,2601,601 
서울특별시 동대문구 한빛로 73,2744,3540,4676,1932 
서울특별시 동대문구 한천로 224,1497,1724,2351,854 
서울특별시 동대문구 한천로 248,1840,2386,2505,665 
서울특별시 동대문구 한천로 300,1901,2906,2847,946 
서울특별시 동대문구 한천로 42,1657,1803,1930,273 
서울특별시 동대문구 한천로11길 10-1,1756,1939,2488,732 
서울특별시 동대문구 한천로14길 8,1828,1948,1921,93 
서울특별시 동대문구 한천로24길 74-11,1985,1930,2287,302 
서울특별시 동대문구 한천로24길 74-7,2056,2001,2183,127 
서울특별시 동대문구 한천로24길 74-8,1653,1816,1701,48 
서울특별시 동대문구 한천로26길 26-11,1162,0,1247,85 
서울특별시 동대문구 한천로2길 62,2470,2430,2848,378 
서울특별시 동대문구 한천로32길 37,1091,1108,1453,362 
서울특별시 동대문구 한천로37길 33,2087,2312,3074,987 
서울특별시 동대문구 한천로47길 23,947,975,1728,781 
서울특별시 동대문구 한천로4길 13-3,1225,0,1360,135 
서울특별시 동대문구 한천로4길 13-6,1384,1000,1439,55 
서울특별시 동대문구 한천로55길 9,1817,2472,2477,660 
서울특별시 동대문구 한천로58길 107,1762,2517,2809,1047 
서울특별시 동대문구 한천로58길 139,1691,2313,2432,741 
서울특별시 동대문구 한천로58길 151,1884,2166,2806,922 
서울특별시 동대문구 한천로58길 181,1802,2268,2405,603 
서울특별시 동대문구 한천로58길 47,1672,2168,3044,1372 
서울특별시 동대문구 한천로63길 10,2047,2834,3078,1031 
서울특별시 동대문구 한천로6길 76,1192,1218,1643,451 
서울특별시 동대문구 홍릉로10길 48,1807,2764,2944,1137 
서울특별시 동대문구 홍릉로12길 29,1944,1948,3448,1504 
서울특별시 동대문구 황물로15길 25,2442,3250,3657,1215 
서울특별시 동대문구 회기로 108-32,1308,0,1760,452 
서울특별시 동대문구 회기로 14,3348,3592,2368,-980 
서울특별시 동대문구 회기로 173-1,1577,0,1557,-20 
서울특별시 동대문구 회기로26길 15,2216,2834,3293,1077 
서울특별시 동대문구 회기로5길 100,1692,2120,2120,428 
서울특별시 동작구 관악로30길 27,2503,2273,2719,216 
서울특별시 동작구 국사봉18길 24,926,955,1136,210 
서울특별시 동작구 국사봉1길 18,1619,0,1921,302 
서울특별시 동작구 국사봉길 175,1874,2128,2348,474 
서울특별시 동작구 국사봉길 178,1716,1794,2583,867 
서울특별시 동작구 남부순환로255길 17,1664,0,1872,208 
서울특별시 동작구 남부순환로255길 19-1,1762,1868,2004,242 
서울특별시 동작구 남부순환로255길 21,2135,1895,2220,85 
서울특별시 동작구 남부순환로255나길 8,1477,0,1894,417 
서울특별시 동작구 남부순환로257가길 8,1612,0,1762,150 
서울특별시 동작구 노량진로 140,4308,4267,4267,-41 
서울특별시 동작구 노량진로23가길 20,2404,3524,3899,1495 
서울특별시 동작구 노량진로23가길 23,3928,4573,5311,1383 
서울특별시 동작구 노량진로24길 2,2355,3652,4328,1973 
서울특별시 동작구 노량진로32길 156,2656,3447,3591,935 
서울특별시 동작구 대방동2길 18,1836,1820,2077,241 
서울특별시 동작구 대방동2길 36,1945,1806,1984,39 
서울특별시 동작구 대방동2길 38,1186,0,1530,344 
서울특별시 동작구 대방동2길 42,1522,0,2042,520 
서울특별시 동작구 동작대로11길 64,2039,2054,2171,132 
서울특별시 동작구 동작대로29길 110,3158,3692,4394,1236 
서울특별시 동작구 동작대로29길 115,2666,4024,4429,1763 
서울특별시 동작구 동작대로29길 118,2883,3352,3307,424 
서울특별시 동작구 동작대로29길 119,2707,2618,3123,416 
서울특별시 동작구 동작대로29길 195,2696,2331,3134,438 
서울특별시 동작구 동작대로29길 81,2808,3871,4482,1674 
서울특별시 동작구 동작대로29길 91,3131,4398,4369,1238 
서울특별시 동작구 동작대로33마길 17,1549,0,2183,634 
서울특별시 동작구 동작대로35아길 14,2520,2788,2919,399 
서울특별시 동작구 동작대로39가길 55,2525,3069,3554,1029 
서울특별시 동작구 동작대로39길 22,3901,4730,5808,1907 
서울특별시 동작구 동작대로43길 36,2331,2663,3506,1175 
서울특별시 동작구 동작대로45길 22,2315,3274,3646,1331 
서울특별시 동작구 등용로 127,2261,2913,3350,1089 
서울특별시 동작구 등용로 37,2678,3146,3854,1176 
서울특별시 동작구 등용로 38,2298,2645,3035,737 
서울특별시 동작구 등용로14길 34,1879,2499,2650,771 
서울특별시 동작구 등용로14길 40,1987,2774,3286,1299 
서울특별시 동작구 만양로 19,2107,3166,3280,1173 
서울특별시 동작구 만양로 26,2275,3324,2840,565 
서울특별시 동작구 만양로 36,2118,2391,2517,399 
서울특별시 동작구 만양로 84,2334,2338,3638,1304 
서울특별시 동작구 만양로8길 50,2217,2736,3349,1132 
서울특별시 동작구 매봉로 123,2527,3330,4896,2369 
서울특별시 동작구 매봉로 134,2279,2646,3297,1018 
서울특별시 동작구 매봉로 156,2272,2530,2960,688 
서울특별시 동작구 매봉로 99,2295,2831,3306,1011 
서울특별시 동작구 보라매로 70,2549,3341,2364,-185 
서울특별시 동작구 보라매로 83,1966,2076,2326,360 
서울특별시 동작구 보라매로3길 29,2109,2632,2317,208 
서울특별시 동작구 보라매로5가길 16,1705,1799,1628,-77 
서울특별시 동작구 보라매로5가길 24,1308,1203,1352,44 
서울특별시 동작구 보라매로5길 23,1601,1612,1782,181 
서울특별시 동작구 보라매로5길 35,1594,1585,1554,-40 
서울특별시 동작구 보라매로5길 43,1823,2211,2051,228 
서울특별시 동작구 보라매로5길 5,2063,1729,2384,321 
서울특별시 동작구 보라매로5길 51,1631,1741,1530,-101 
서울특별시 동작구 보라매로7가길 9,1504,1633,1973,469 
서울특별시 동작구 사당로 165,2534,3113,3515,981 
서울특별시 동작구 사당로 300,3004,3484,3292,288 
서울특별시 동작구 사당로13길 31,4261,5179,5687,1426 
서울특별시 동작구 사당로13길 40,2252,2757,3321,1069 
서울특별시 동작구 사당로16길 96,2390,2979,3963,1573 
서울특별시 동작구 사당로16다길 57,2776,3381,3958,1182 
서울특별시 동작구 사당로16아길 43,2020,2441,2388,368 
서울특별시 동작구 사당로17길 111,2135,3162,3341,1206 
서울특별시 동작구 사당로17길 52,2705,3018,3644,939 
서울특별시 동작구 사당로20길 119,2314,2161,2889,575 
서울특별시 동작구 사당로20나길 57,2040,3010,2843,803 
서울특별시 동작구 사당로23길 4,5048,4745,5631,583 
서울특별시 동작구 사당로23바길 9,2569,2514,3746,1177 
서울특별시 동작구 사당로26길 130-6,2591,3198,3786,1195 
서울특별시 동작구 사당로27길 130,3003,3384,4815,1812 
서울특별시 동작구 사당로27길 181,2780,3042,3607,827 
서울특별시 동작구 사당로27길 190,2416,3107,3546,1130 
서울특별시 동작구 사당로2가길 10-5,1546,2155,2672,1126 
서울특별시 동작구 사당로2가길 102,2252,3273,3194,942 
서울특별시 동작구 사당로2가길 173,2297,1981,3312,1015 
서울특별시 동작구 사당로2가길 188,2323,3077,3276,953 
서울특별시 동작구 사당로2가길 202,2076,0,2746,670 
서울특별시 동작구 사당로2길 2-32,2194,2846,2738,544 
서울특별시 동작구 사당로2길 40,2203,2891,2480,277 
서울특별시 동작구 사당로2길 76,2812,3197,3308,496 
서울특별시 동작구 사당로9가길 55,2389,2719,3235,846 
서울특별시 동작구 사당로9가길 82,2305,2975,3143,838 
서울특별시 동작구 상도로 107,2360,3323,3036,676 
서울특별시 동작구 상도로 207,2971,2957,4105,1134 
서울특별시 동작구 상도로 320,2457,2708,3320,863 
서울특별시 동작구 상도로 346-1,3204,4214,4885,1681 
서울특별시 동작구 상도로 346-2,3139,3398,4508,1369 
서울특별시 동작구 상도로 407,1778,2234,2440,662 
서울특별시 동작구 상도로 421,2004,2380,2670,666 
서울특별시 동작구 상도로 63,2918,0,3199,281 
서울특별시 동작구 상도로15길 131,3707,3674,3726,19 
서울특별시 동작구 상도로30길 39,2834,3342,3964,1130 
서울특별시 동작구 상도로30길 40,3380,4175,4876,1496 
서울특별시 동작구 상도로31길 19,2695,4019,4116,1421 
서울특별시 동작구 상도로34길 42,2702,3010,3670,968 
서울특별시 동작구 상도로38길 3-50,1453,1307,1380,-73 
서울특별시 동작구 상도로41길 43,1779,0,2380,601 
서울특별시 동작구 상도로47길 36,1425,1799,1605,180 
서울특별시 동작구 상도로47길 60,1385,0,1531,146 
서울특별시 동작구 상도로47다길 29,1564,1738,1744,180 
서울특별시 동작구 상도로47바길 40,2294,2450,2674,380 
서울특별시 동작구 상도로53길 8,2848,3525,3631,783 
서울특별시 동작구 상도로54길 24,1589,1580,1510,-79 
서울특별시 동작구 상도로55길 25,1660,2877,3247,1587 
서울특별시 동작구 상도로55길 47,2522,2518,3464,942 
서울특별시 동작구 상도로60길 20,2021,2436,2679,658 
서울특별시 동작구 상도로62길 81-1,4103,3652,3558,-545 
서울특별시 동작구 상도로68길 29,1306,0,1243,-63 
서울특별시 동작구 서달로 150,2526,2437,3887,1361 
서울특별시 동작구 서달로 83,2275,3097,3614,1339 
서울특별시 동작구 서달로 91,3598,4176,4778,1180 
서울특별시 동작구 서달로1길 17,2433,3238,4048,1615 
서울특별시 동작구 서달로2길 29,2371,2646,3410,1039 
서울특별시 동작구 성대로6가길 100,1207,0,1520,313 
서울특별시 동작구 성대로6가길 149,1099,939,1419,320 
서울특별시 동작구 솔밭로 57,1968,2094,2405,437 
서울특별시 동작구 솔밭로 65,2298,2526,2522,224 
서울특별시 동작구 신대방1가길 38,2206,2378,3068,862 
서울특별시 동작구 신대방1나길 45,2292,2380,2759,467 
서울특별시 동작구 신대방길 85,2371,2829,2062,-309 
서울특별시 동작구 알마타길 37,2913,3307,3640,727 
서울특별시 동작구 알마타길 53,2156,0,2507,351 
서울특별시 동작구 알마타길 58,2645,3471,3623,978 
서울특별시 동작구 양녕로 170,2254,2888,3302,1048 
서울특별시 동작구 양녕로 287,1749,1927,2418,669 
서울특별시 동작구 양녕로23길 43,1152,1696,1742,590 
서울특별시 동작구 양녕로23길 9,1475,2466,2185,710 
서울특별시 동작구 양녕로26길 11,1594,1728,2071,477 
서울특별시 동작구 양녕로26길 15,1671,2060,2430,759 
서울특별시 동작구 양녕로26나길 8,2412,2258,3139,727 
서울특별시 동작구 여의대방로 22,2187,2076,3090,903 
서울특별시 동작구 여의대방로 28,2384,2146,2979,595 
서울특별시 동작구 여의대방로 8,2178,2969,3135,957 
서울특별시 동작구 여의대방로10길 100,2326,3388,3408,1082 
서울특별시 동작구 여의대방로10길 13,2739,3252,3637,898 
서울특별시 동작구 여의대방로10길 14,2525,3050,3283,758 
서울특별시 동작구 여의대방로10길 38,2866,3430,3855,989 
서울특별시 동작구 여의대방로10길 59,2679,3199,3814,1135 
서울특별시 동작구 여의대방로22길 24,2071,2982,3011,940 
서울특별시 동작구 여의대방로22나길 47,1698,1809,2002,304 
서울특별시 동작구 여의대방로22아길 22,2055,2318,2478,423 
서울특별시 동작구 여의대방로22카길 81,706,0,1649,943 
서울특별시 동작구 여의대방로24다길 40,2532,2571,3341,809 
서울특별시 동작구 여의대방로36길 16,1761,0,2020,259 
서울특별시 동작구 여의대방로44길 10,2595,3878,3893,1298 
서울특별시 동작구 여의대방로44길 47,2983,3826,4534,1551 
서울특별시 동작구 여의대방로44길 9,2681,3470,3522,841 
서울특별시 동작구 여의대방로54길 39,2922,3274,2793,-129 
서울특별시 동작구 여의대방로54길 6,2670,3035,3755,1085 
서울특별시 동작구 여의대방로62길 15,1730,2619,2332,602 
서울특별시 동작구 여의대방로62길 23,2342,3031,3320,978 
서울특별시 동작구 여의대방로62길 24,1219,1660,1752,533 
서울특별시 동작구 여의대방로62길 7,2272,3034,2874,602 
서울특별시 동작구 여의대방로62길 8,2703,3517,3862,1159 
서울특별시 동작구 장승배기로 26,2378,2641,2788,410 
서울특별시 동작구 장승배기로10길 100,2873,3806,3766,893 
서울특별시 동작구 장승배기로11가길 11,3784,5227,5814,2030 
서울특별시 동작구 장승배기로16길 134,3054,1965,3529,475 
서울특별시 동작구 장승배기로18길 27,1719,4403,4827,3108 
서울특별시 동작구 장승배기로4길 9,2822,4181,4302,1480 
서울특별시 동작구 현충로 119,3240,3880,4217,977 
서울특별시 동작구 현충로 151,3746,4318,4502,756 
서울특별시 동작구 현충로10길 42,2899,3071,4353,1454 
서울특별시 동작구 흑석한강로 12,3824,4898,5729,1905 
서울특별시 동작구 흑석한강로 27,3458,4238,4971,1513 
서울특별시 마포구 광성로 28,3088,2998,3573,485 
서울특별시 마포구 굴레방로1길 25,4563,4684,4948,385 
서울특별시 마포구 대흥로 20,1844,0,1992,148 
서울특별시 마포구 대흥로21길 14,2319,2576,2726,407 
서울특별시 마포구 도화4길 41,3404,4361,5176,1772 
서울특별시 마포구 도화길 28,3108,3164,4874,1766 
서울특별시 마포구 독막로 145,3476,2766,4446,970 
서울특별시 마포구 독막로 209,2065,3256,3505,1440 
서울특별시 마포구 독막로 266,3271,3494,5061,1790 
서울특별시 마포구 독막로 288,2306,3316,3712,1406 
서울특별시 마포구 독막로 289,2454,4180,3700,1246 
서울특별시 마포구 독막로18길 5,2923,3172,4670,1747 
서울특별시 마포구 독막로20나길 21,3800,3760,5654,1854 
서울특별시 마포구 독막로20나길 22,3941,5457,5644,1703 
서울특별시 마포구 독막로28길 10,2972,3396,3812,840 
서울특별시 마포구 독막로28길 7,2421,3645,3170,749 
서울특별시 마포구 독막로42길 2,3114,3857,5564,2450 
서울특별시 마포구 독막로42길 5,2930,3918,5281,2351 
서울특별시 마포구 동교로 126,1764,2340,2258,494 
서울특별시 마포구 동교로 16-2,2388,0,2395,7 
서울특별시 마포구 동교로1길 22,2306,2176,2475,169 
서울특별시 마포구 동교로39길 11,2578,2854,3357,779 
서울특별시 마포구 동교로3길 115,1980,2432,3175,1195 
서울특별시 마포구 동교로3길 125,2158,2908,3649,1491 
서울특별시 마포구 동교로3길 67,2557,2328,2910,353 
서울특별시 마포구 동교로3길 79,1728,1922,2250,522 
서울특별시 마포구 동교로41길 35,2235,0,2701,466 
서울특별시 마포구 마포대로 109,3348,3343,3400,52 
서울특별시 마포구 마포대로 115-8,3138,4662,4802,1664 
서울특별시 마포구 마포대로 143,2028,2591,1866,-162 
서울특별시 마포구 마포대로 167,3102,4666,4289,1187 
서울특별시 마포구 마포대로 173-15,4080,4843,6052,1972 
서울특별시 마포구 마포대로 183-16,2420,3102,3770,1350 
서울특별시 마포구 마포대로 195,4301,5475,6436,2135 
서울특별시 마포구 마포대로 201,2607,3066,3281,674 
서울특별시 마포구 마포대로 236,2178,2701,3250,1072 
서울특별시 마포구 마포대로 246,3709,5365,5088,1379 
서울특별시 마포구 마포대로 262,2294,3660,4452,2158 
서울특별시 마포구 마포대로 33,2822,3269,3643,821 
서울특별시 마포구 마포대로 53,2612,3335,3299,687 
서울특별시 마포구 마포대로 68,1982,3527,3747,1765 
서울특별시 마포구 마포대로10길 22,2910,3652,4274,1364 
서울특별시 마포구 마포대로11길 50,3767,4585,5834,2067 
서울특별시 마포구 마포대로11길 73,2350,3184,4539,2189 
서울특별시 마포구 마포대로11길 84,2598,3303,3947,1349 
서울특별시 마포구 마포대로19길 8,1775,2129,2502,727 
서울특별시 마포구 마포대로1길 21,2318,3379,3158,840 
서울특별시 마포구 마포대로20길 26,2631,4182,4584,1953 
서울특별시 마포구 마포대로24길 16,3779,4676,7041,3262 
서울특별시 마포구 마포대로4길 90,2084,2889,3516,1432 
서울특별시 마포구 마포대로4나길 71,2516,2273,2600,84 
서울특별시 마포구 마포대로4다길 18,1706,1709,2564,858 
서울특별시 마포구 마포대로4라길 30,2741,2915,3829,1088 
서울특별시 마포구 마포대로7길 22,4207,4952,6534,2327 
서울특별시 마포구 만리재로 35,3787,3952,3528,-259 
서울특별시 마포구 만리재로 36,3404,4696,5205,1801 
서울특별시 마포구 만리재로 60,2835,4692,5467,2632 
서울특별시 마포구 만리재로 74,2710,2652,4200,1490 
서울특별시 마포구 망원로 36,1594,1677,2133,539 
서울특별시 마포구 망원로 61-1,2243,0,2340,97 
서울특별시 마포구 망원로10길 6,2229,2395,2764,535 
서울특별시 마포구 망원로11길 35,2385,2607,2547,162 
서울특별시 마포구 망원로11길 38,2266,0,2546,280 
서울특별시 마포구 망원로11길 73,1940,2600,3402,1462 
서울특별시 마포구 망원로1길 27,2570,3301,3248,678 
서울특별시 마포구 망원로2길 103,2408,3674,3290,882 
서울특별시 마포구 망원로2길 14,1731,2124,2065,334 
서울특별시 마포구 망원로4길 8,2412,2128,2358,-54 
서울특별시 마포구 모래내로3길 4,2448,2136,2860,412 
서울특별시 마포구 모래내로9길 3,2274,3000,2921,647 
서울특별시 마포구 모래내로9길 6,2666,3624,4017,1351 
서울특별시 마포구 방울내로 31,2735,3137,3633,898 
서울특별시 마포구 방울내로 36,2241,2865,3021,780 
서울특별시 마포구 방울내로 43,2350,2405,2767,417 
서울특별시 마포구 방울내로11길 147,2140,2181,2383,243 
서울특별시 마포구 방울내로11길 181,1943,2042,2079,136 
서울특별시 마포구 방울내로11길 27,1554,1710,1911,357 
서울특별시 마포구 방울내로11길 43,2353,2623,3427,1074 
서울특별시 마포구 방울내로11길 73,2448,0,2652,204 
서울특별시 마포구 방울내로1길 41-14,2077,2195,2293,216 
서울특별시 마포구 방울내로5길 41,1856,2094,2448,592 
서울특별시 마포구 방울내로5길 41-1,2178,2084,2261,83 
서울특별시 마포구 방울내로5길 49,2210,0,2574,364 
서울특별시 마포구 방울내로9안길 11,1741,1493,2477,736 
서울특별시 마포구 방울내로9안길 57,2341,2410,2781,440 
서울특별시 마포구 백범로 10,2522,2352,2822,300 
서울특별시 마포구 백범로 152,4548,5272,5941,1393 
서울특별시 마포구 백범로 170,5092,0,6176,1084 
서울특별시 마포구 백범로 199,2597,3174,3756,1159 
서울특별시 마포구 백범로 202,2826,3338,3988,1162 
서울특별시 마포구 백범로 205,3000,3538,4569,1569 
서울특별시 마포구 백범로 212,2836,3567,3344,508 
서울특별시 마포구 백범로 230,3907,5510,5514,1607 
서울특별시 마포구 백범로 239,2552,3819,4482,1930 
서울특별시 마포구 백범로 76,2571,2696,2379,-192 
서울특별시 마포구 백범로 82,3789,4023,4859,1070 
서울특별시 마포구 백범로25길 63,3152,3777,3661,509 
서울특별시 마포구 백범로37길 12,3206,3944,4706,1500 
서울특별시 마포구 삼개로 33,2248,2900,3108,860 
서울특별시 마포구 삼개로 38,2523,3399,4003,1480 
서울특별시 마포구 상암산로1길 24,2986,3813,4066,1080 
서울특별시 마포구 상암산로1길 52,2850,2963,3711,861 
서울특별시 마포구 상암산로1길 57,2797,3394,3709,912 
서울특별시 마포구 상암산로1길 92,2757,3310,3508,751 
서울특별시 마포구 새창로 52,2588,4372,4137,1549 
서울특별시 마포구 새창로8길 72,2186,3185,3885,1699 
서울특별시 마포구 서강대길 40,3769,4817,5400,1631 
서울특별시 마포구 서강로 53,3096,4869,5250,2154 
서울특별시 마포구 서강로 83,3106,3417,3825,719 
서울특별시 마포구 서강로 95,2532,4008,3478,946 
서울특별시 마포구 서강로9길 19,2462,2734,3360,898 
서울특별시 마포구 서강로9길 45,2850,3554,3670,820 
서울특별시 마포구 성미산로 58,1428,0,1861,433 
서울특별시 마포구 성미산로 72,1810,2207,2105,295 
서울특별시 마포구 성미산로23안길 8,2510,0,3138,628 
서울특별시 마포구 성미산로27길 6,1803,0,2111,308 
서울특별시 마포구 성산로4길 75,1903,2532,2313,410 
서울특별시 마포구 성암로 41,2105,2325,2460,355 
서울특별시 마포구 성암로 91,2233,3075,3232,999 
서울특별시 마포구 성암로11길 60,2177,2887,2708,531 
서울특별시 마포구 성암로1길 8,1854,2468,2291,437 
서울특별시 마포구 성암로5길 12,1918,2787,2096,178 
서울특별시 마포구 성암로7길 14,1933,2155,1937,4 
서울특별시 마포구 성암로7길 3,2123,2331,3215,1092 
서울특별시 마포구 숭문길 106,2534,3007,4131,1597 
서울특별시 마포구 숭문길 98,1717,4842,6472,4755 
서울특별시 마포구 신수로 107,2949,2479,4061,1112 
서울특별시 마포구 신수로 15,3132,4434,4708,1576 
서울특별시 마포구 신수로 81,2712,3199,3690,978 
서울특별시 마포구 신수로 89,2479,2419,3235,756 
서울특별시 마포구 신수로2길 26,3122,0,4057,935 
서울특별시 마포구 신수로2길 6,3034,4263,4330,1296 
서울특별시 마포구 신수로3길 23,2443,4906,4537,2094 
서울특별시 마포구 신촌로 150,2924,3163,3347,423 
서울특별시 마포구 신촌로 160,5509,5342,4738,-771 
서울특별시 마포구 양화로 26,2565,2585,2918,353 
서울특별시 마포구 양화로 45,3914,4411,3870,-44 
서울특별시 마포구 양화로3길 45,2033,3022,2622,589 
서울특별시 마포구 어울마당로 11,2105,2163,2270,165 
서울특별시 마포구 연남로 30,2391,3570,3832,1441 
서울특별시 마포구 연남로 52,2399,3380,3444,1045 
서울특별시 마포구 연남로1길 84,2281,0,2507,226 
서울특별시 마포구 연남로5길 44,1856,1930,2004,148 
서울특별시 마포구 와우산로30길 135,2110,1996,2823,713 
서울특별시 마포구 와우산로33길 26-7,2405,2114,2504,99 
서울특별시 마포구 월드컵로 338,2649,3112,3613,964 
서울특별시 마포구 월드컵로11길 35,2020,2790,2691,671 
서울특별시 마포구 월드컵로11길 37,1871,2026,3737,1866 
서울특별시 마포구 월드컵로13길 79,1637,2045,2517,880 
서울특별시 마포구 월드컵로1길 14,4099,4867,5556,1457 
서울특별시 마포구 월드컵로20길 46,1744,1727,2245,501 
서울특별시 마포구 월드컵로25길 122,2036,2357,2196,160 
서울특별시 마포구 월드컵로25길 125,2297,2430,2895,598 
서울특별시 마포구 월드컵로25길 128,2098,2093,2678,580 
서울특별시 마포구 월드컵로25길 17,2287,2358,2891,604 
서울특별시 마포구 월드컵로25길 26,2075,2431,2248,173 
서울특별시 마포구 월드컵로25길 75,2050,0,2098,48 
서울특별시 마포구 월드컵로26길 57,1322,2253,2336,1014 
서울특별시 마포구 월드컵로29길 113,2499,2534,2504,5 
서울특별시 마포구 월드컵로29길 68,2238,2232,2177,-61 
서울특별시 마포구 월드컵로30다길 23-15,1191,1415,2019,828 
서울특별시 마포구 월드컵로31길 103,2190,2508,2449,259 
서울특별시 마포구 월드컵로31길 33,1881,0,2103,222 
서울특별시 마포구 월드컵로31길 77,2835,3275,3340,505 
서울특별시 마포구 월드컵로31길 89,2220,2191,2366,146 
서울특별시 마포구 월드컵로3길 14,4449,4963,5853,1404 
서울특별시 마포구 월드컵북로 194,1543,1819,2325,782 
서울특별시 마포구 월드컵북로 216,2399,2778,3088,689 
서울특별시 마포구 월드컵북로 235,3452,4172,5230,1778 
서울특별시 마포구 월드컵북로 260,3479,3948,5101,1622 
서울특별시 마포구 월드컵북로 39,2274,0,3143,869 
서울특별시 마포구 월드컵북로 501,2508,2916,3225,717 
서울특별시 마포구 월드컵북로 502-36,2570,3147,4033,1463 
서울특별시 마포구 월드컵북로 502-37,2444,2818,3238,794 
서울특별시 마포구 월드컵북로 502-7,2684,2484,3692,1008 
서울특별시 마포구 월드컵북로12안길 88,1372,0,1802,430 
서울특별시 마포구 월드컵북로30길 9-22,2242,2260,3495,1253 
서울특별시 마포구 월드컵북로38가길 20,2310,2652,2770,460 
서울특별시 마포구 월드컵북로38길 53,2602,3198,3574,972 
서울특별시 마포구 월드컵북로38길 54,2525,3372,3419,894 
서울특별시 마포구 월드컵북로42가길 11,3459,3809,4479,1020 
서울특별시 마포구 월드컵북로43길 11,2811,3355,3024,213 
서울특별시 마포구 월드컵북로47길 46,3267,3624,4679,1412 
서울특별시 마포구 월드컵북로5길 68,1785,0,2214,429 
서울특별시 마포구 월드컵북로5나길 18,2356,2570,2794,438 
서울특별시 마포구 월드컵북로7길 26-6,1935,0,3014,1079 
서울특별시 마포구 월드컵북로7길 40,1825,0,2272,447 
서울특별시 마포구 임정로25길 19,1747,0,2252,505 
서울특별시 마포구 임정로25길 21,1910,2136,2520,610 
서울특별시 마포구 창전로 26,2931,2680,4238,1307 
서울특별시 마포구 창전로 45,2418,3022,3350,932 
서울특별시 마포구 창전로 63,2578,2936,3802,1224 
서울특별시 마포구 창전로2길 10,2076,3239,3379,1303 
서울특별시 마포구 창전로2길 42,2641,3204,3379,738 
서울특별시 마포구 큰우물로 28,3663,4222,5005,1342 
서울특별시 마포구 큰우물로 75,1908,2017,2585,677 
서울특별시 마포구 큰우물로 76,2148,0,3259,1111 
서울특별시 마포구 토정로 158,3081,3237,4188,1107 
서울특별시 마포구 토정로 167,3552,4090,4309,757 
서울특별시 마포구 토정로 242,2334,2969,3252,918 
서울특별시 마포구 토정로 67,2683,2741,3305,622 
서울특별시 마포구 토정로11길 39,1548,2187,2059,511 
서울특별시 마포구 토정로18길 11,4331,5559,5903,1572 
서울특별시 마포구 토정로2길 6-12,2293,2391,2698,405 
서울특별시 마포구 토정로31길 23,4382,5728,7349,2967 
서울특별시 마포구 토정로31길 24,4723,5741,7593,2870 
서울특별시 마포구 토정로32길 11,3284,3672,5108,1824 
서울특별시 마포구 토정로32길 6,3011,3193,4700,1689 
서울특별시 마포구 토정로37길 46,1504,2036,2520,1016 
서울특별시 마포구 토정로5길 9,2420,2620,3154,734 
서울특별시 마포구 포은로 147,1734,2016,2046,312 
서울특별시 마포구 포은로2나길 35,2276,0,2727,451 
서울특별시 마포구 포은로6길 34,2381,2287,2500,119 
서울특별시 마포구 포은로8길 8,2311,0,3159,848 
서울특별시 마포구 홍익로 10,2463,3034,3152,689 
서울특별시 마포구 희우정로 105,1550,0,2037,487 
서울특별시 마포구 희우정로 120,2005,0,2049,44 
서울특별시 마포구 희우정로 15,2680,0,3884,1204 
서울특별시 마포구 희우정로1길 48,2269,2456,2435,166 
서울특별시 서대문구 가재울로 45,1913,2472,2876,963 
서울특별시 서대문구 가재울로6길 53-87,1114,1281,1636,522 
서울특별시 서대문구 가재울미래로 2,2926,3060,4352,1426 
서울특별시 서대문구 가좌로 34,1272,1358,1516,244 
서울특별시 서대문구 거북골로 120,2400,2370,4294,1894 
서울특별시 서대문구 거북골로 154,1757,2133,2322,565 
서울특별시 서대문구 거북골로 91-6,1914,2049,2757,843 
서울특별시 서대문구 거북골로14길 32,2396,3369,3173,777 
서울특별시 서대문구 거북골로18가길 23,1940,2038,2349,409 
서울특별시 서대문구 경기대로 26-7,2312,2551,3038,726 
서울특별시 서대문구 경기대로3길 19-5,3086,0,4186,1100 
서울특별시 서대문구 경기대로3길 7,2284,2885,3813,1529 
서울특별시 서대문구 경기대로5길 23,1596,0,5887,4291 
서울특별시 서대문구 경기대로9길 60,1897,2614,3895,1998 
서울특별시 서대문구 독립문공원길 17,2697,3752,3427,730 
서울특별시 서대문구 독립문로 10,2365,2755,3067,702 
서울특별시 서대문구 독립문로14길 33,3146,3539,4388,1242 
서울특별시 서대문구 독립문로14길 74,2205,3142,3473,1268 
서울특별시 서대문구 독립문로8길 33,1409,1537,2245,836 
서울특별시 서대문구 독립문로8길 54,2726,3907,3724,998 
서울특별시 서대문구 동교로 290,1751,2491,2724,973 
서울특별시 서대문구 동교로 291,2312,2807,3082,770 
서울특별시 서대문구 명지길 104,1832,1779,1637,-195 
서울특별시 서대문구 명지길 42,1327,0,1366,39 
서울특별시 서대문구 명지길 58,1501,1456,1363,-138 
서울특별시 서대문구 모래내로 143,1356,1640,1769,413 
서울특별시 서대문구 모래내로 151,3482,3647,3442,-40 
서울특별시 서대문구 모래내로 309,1888,2210,2353,465 
서울특별시 서대문구 모래내로 319,1675,2094,2305,630 
서울특별시 서대문구 모래내로 411,2441,2958,3115,674 
서울특별시 서대문구 모래내로 430,2072,2902,2713,641 
서울특별시 서대문구 모래내로 453,1347,1498,1810,463 
서울특별시 서대문구 모래내로 455,1177,1587,1665,488 
서울특별시 서대문구 모래내로 460,932,1182,1382,450 
서울특별시 서대문구 모래내로17길 21,1408,1637,1541,133 
서울특별시 서대문구 모래내로17길 65-17,894,0,1170,276 
서울특별시 서대문구 모래내로17안길 30,869,0,1294,425 
서울특별시 서대문구 문화촌길 6-24,1876,2439,2516,640 
서울특별시 서대문구 북아현로 29,5255,5779,5906,651 
서울특별시 서대문구 북아현로 40,2825,4337,5797,2972 
서울특별시 서대문구 북아현로 87,1681,0,2456,775 
서울특별시 서대문구 북아현로1가길 20,4103,4852,5670,1567 
서울특별시 서대문구 북아현로1길 17,3943,5459,6066,2123 
서울특별시 서대문구 북아현로1길 50,3626,4462,5804,2178 
서울특별시 서대문구 북아현로20길 16,2416,0,4371,1955 
서울특별시 서대문구 북아현로20길 40,2816,3407,4381,1565 
서울특별시 서대문구 북아현로22길 24,2917,2741,3916,999 
서울특별시 서대문구 북아현로22길 45,1970,0,2155,185 
서울특별시 서대문구 북아현로22길 56,2113,3390,3244,1131 
서울특별시 서대문구 북아현로22길 81,1830,1874,2069,239 
서울특별시 서대문구 북아현로22길 86,1968,3045,3909,1941 
서울특별시 서대문구 북아현로6길 15,3577,0,5778,2201 
서울특별시 서대문구 북아현로6길 19-19,1909,2691,2363,454 
서울특별시 서대문구 북아현로6길 65-21,2313,4457,4318,2005 
서울특별시 서대문구 북아현로6길 78,2848,3409,4273,1425 
서울특별시 서대문구 서소문로 27,2896,2965,3181,285 
서울특별시 서대문구 서소문로 43-8,2733,3686,3546,813 
서울특별시 서대문구 성산로 394,2470,2200,2131,-339 
서울특별시 서대문구 세검정로 106-8,1508,1731,1826,318 
서울특별시 서대문구 세검정로 134,1441,1825,1847,406 
서울특별시 서대문구 세검정로1길 35,1754,2426,2446,692 
서울특별시 서대문구 세검정로1길 95,1575,1435,2189,614 
서울특별시 서대문구 세검정로3길 63,1792,2270,2050,258 
서울특별시 서대문구 세무서2길 64,1522,1942,2104,582 
서울특별시 서대문구 세무서8길 49,1269,2002,2593,1324 
서울특별시 서대문구 세무서길 106-12,1469,2593,2329,860 
서울특별시 서대문구 송죽길 57-4,1218,1342,1176,-42 
서울특별시 서대문구 수색로 100,2755,3706,4218,1463 
서울특별시 서대문구 수색로 102,1608,1568,2191,583 
서울특별시 서대문구 수색로 147-1,1942,2155,2669,727 
서울특별시 서대문구 수색로 154,2004,2154,2878,874 
서울특별시 서대문구 수색로 157,2099,2708,3261,1162 
서울특별시 서대문구 수색로6길 43,2621,3753,3593,972 
서울특별시 서대문구 수색로8길 40,1845,2724,2932,1087 
서울특별시 서대문구 신촌로 1,3233,3964,3723,490 
서울특별시 서대문구 신촌로 149,3974,3731,4119,145 
서울특별시 서대문구 신촌로1길 29,1611,1877,1974,363 
서울특별시 서대문구 신촌로1길 69,1899,0,1794,-105 
서울특별시 서대문구 신촌로35길 10,4848,5092,7189,2341 
서울특별시 서대문구 신촌역로 10,1444,1535,1129,-315 
서울특별시 서대문구 연희로 261-60,2517,2609,2805,288 
서울특별시 서대문구 연희로 377,1910,1946,2448,538 
서울특별시 서대문구 연희로 38-20,2512,2820,3738,1226 
서울특별시 서대문구 연희로11자길 14-23,1156,0,1791,635 
서울특별시 서대문구 연희로15길 127,952,1211,966,14 
서울특별시 서대문구 연희로15길 131,1388,1319,1408,20 
서울특별시 서대문구 연희로25길 101,1339,1667,1905,566 
서울특별시 서대문구 연희로28길 35-28,2384,2641,3068,684 
서울특별시 서대문구 연희로2길 46,1808,0,2378,570 
서울특별시 서대문구 연희로2안길 22,1947,1961,1839,-108 
서울특별시 서대문구 연희로2안길 24,1767,2049,2349,582 
서울특별시 서대문구 연희로32길 20,1830,1752,2182,352 
서울특별시 서대문구 연희로32길 48,2149,2260,2823,674 
서울특별시 서대문구 연희로39길 21,1215,0,1205,-10 
서울특별시 서대문구 연희로39길 9,890,0,1281,391 
서울특별시 서대문구 연희로41길 114,1370,1361,1529,159 
서울특별시 서대문구 연희로41길 142,1276,1375,1546,270 
서울특별시 서대문구 연희로41길 152,1178,977,1196,18 
서울특별시 서대문구 연희로41길 162,1241,960,1335,94 
서울특별시 서대문구 연희로5길 14,4070,3665,3991,-79 
서울특별시 서대문구 연희로5길 54-11,2940,2977,3647,707 
서울특별시 서대문구 응암로 132,1441,0,1713,272 
서울특별시 서대문구 응암로 133,3110,2929,3001,-109 
서울특별시 서대문구 응암로 28,1866,2222,2258,392 
서울특별시 서대문구 응암로 33,1670,2201,2294,624 
서울특별시 서대문구 응암로 42,1440,0,2124,684 
서울특별시 서대문구 이화여대1길 10,2212,2754,2864,652 
서울특별시 서대문구 이화여대1안길 22,4683,4477,4093,-590 
서울특별시 서대문구 이화여대8길 62,2477,2986,3963,1486 
서울특별시 서대문구 이화여대길 50-12,2352,2770,3636,1284 
서울특별시 서대문구 증가로 191,2038,2710,3062,1024 
서울특별시 서대문구 증가로 193,870,1019,1155,285 
서울특별시 서대문구 증가로 200-8,1884,2135,2622,738 
서울특별시 서대문구 증가로 51,1489,1629,1754,265 
서울특별시 서대문구 증가로 61,804,626,830,26 
서울특별시 서대문구 증가로20길 68-10,1115,0,1154,39 
서울특별시 서대문구 증가로20나길 21,1324,0,887,-437 
서울특별시 서대문구 증가로29길 30-14,1477,1540,1516,39 
서울특별시 서대문구 증가로29길 30-18,1380,1616,1531,151 
서울특별시 서대문구 증가로2길 40-16,716,958,923,207 
서울특별시 서대문구 증가로30길 8,1980,0,2027,47 
서울특별시 서대문구 증가로32안길 76,1132,1280,1366,234 
서울특별시 서대문구 충정로 30,2330,0,2791,461 
서울특별시 서대문구 충정로 50,1782,2072,2331,549 
서울특별시 서대문구 충정로5길 27,1716,2301,2535,819 
서울특별시 서대문구 충정로7길 30,2253,2014,2845,592 
서울특별시 서대문구 충정로7길 9,1094,935,1462,368 
서울특별시 서대문구 통일로 279-75,2147,2622,2811,664 
서울특별시 서대문구 통일로 319,2426,2459,3615,1189 
서울특별시 서대문구 통일로 332,2103,2944,2871,768 
서울특별시 서대문구 통일로 344,1670,2920,3251,1581 
서울특별시 서대문구 통일로 348,1983,2620,2732,749 
서울특별시 서대문구 통일로 357,2311,2623,3230,919 
서울특별시 서대문구 통일로 397,2273,2700,2895,622 
서울특별시 서대문구 통일로 476,1099,0,1433,334 
서울특별시 서대문구 통일로 510,3276,3563,3665,389 
서울특별시 서대문구 통일로 530,2205,2247,2854,649 
서울특별시 서대문구 통일로 536,2848,2233,3210,362 
서울특별시 서대문구 통일로 553,2300,2669,3027,727 
서울특별시 서대문구 통일로 555,1337,1180,1730,393 
서울특별시 서대문구 통일로25길 30,1960,2336,2846,886 
서울특별시 서대문구 통일로26길 17,1694,2300,2386,692 
서울특별시 서대문구 통일로31길 6,1318,0,2279,961 
서울특별시 서대문구 통일로34길 43,2224,2330,3300,1076 
서울특별시 서대문구 통일로34길 46,2262,2614,3114,852 
서울특별시 서대문구 통일로37길 30,1420,1522,1681,261 
서울특별시 서대문구 통일로37나길 12,1567,1920,2132,565 
서울특별시 서대문구 통일로37나길 43,1822,0,1806,-16 
서울특별시 서대문구 통일로37나길 52,1287,0,2081,794 
서울특별시 서대문구 통일로37나길 65,1015,1153,1169,154 
서울특별시 서대문구 통일로37나길 66,1188,0,1374,186 
서울특별시 서대문구 통일로39가길 57,2036,2510,2802,766 
서울특별시 서대문구 통일로39길 104,1052,0,1071,19 
서울특별시 서대문구 통일로39길 25,1153,1376,1616,463 
서울특별시 서대문구 통일로48가길 15,2091,2312,2254,163 
서울특별시 서대문구 통일로48가길 37,1422,1785,1807,385 
서울특별시 서대문구 통일로48나길 2,1015,0,2125,1110 
서울특별시 서대문구 통일로48나길 32,1184,0,1020,-164 
서울특별시 서대문구 포방터10길 33,1309,1398,1546,237 
서울특별시 서대문구 포방터2길 59,1129,0,1460,331 
서울특별시 서대문구 홍연2길 21,1309,0,1712,403 
서울특별시 서대문구 홍연8길 7,1365,0,1696,331 
서울특별시 서대문구 홍은중앙로 149,1568,1749,2044,476 
서울특별시 서대문구 홍은중앙로 156,1005,1065,1058,53 
서울특별시 서대문구 홍은중앙로 81,1566,1932,1824,258 
서울특별시 서대문구 홍은중앙로1길 33,1519,1712,1785,266 
서울특별시 서대문구 홍은중앙로1길 65,1689,1903,2253,564 
서울특별시 서대문구 홍은중앙로5길 74,1084,1244,1108,24 
서울특별시 서대문구 홍제내2길 67,1517,2357,2301,784 
서울특별시 서대문구 홍제내길 168,1661,2147,2255,594 
서울특별시 서대문구 홍제내길 174,1530,1398,1943,413 
서울특별시 서대문구 홍제원길 26,1676,1774,1967,291 
서울특별시 서대문구 홍제천로 194,1517,1834,1778,261 
서울특별시 서초구 강남대로 224,3089,3284,4061,972 
서울특별시 서초구 강남대로 321,3448,2604,4122,674 
서울특별시 서초구 강남대로 375,1880,2455,2420,540 
서울특별시 서초구 강남대로 455,3240,3909,4115,875 
서울특별시 서초구 강남대로12길 24-2,3178,0,3290,112 
서울특별시 서초구 강남대로16길 22-13,2324,0,2662,338 
서울특별시 서초구 강남대로16길 37,2370,2273,2661,291 
서울특별시 서초구 강남대로2길 24,2305,0,2109,-196 
서울특별시 서초구 강남대로30길 51-3,2324,2581,2470,146 
서울특별시 서초구 강남대로34길 19,2466,0,2555,89 
서울특별시 서초구 강남대로34길 58,1906,2246,2753,847 
서울특별시 서초구 강남대로34길 82,2133,0,2939,806 
서울특별시 서초구 강남대로39길 15-10,4622,4408,4289,-333 
서울특별시 서초구 강남대로39길 5,3724,3772,4485,761 
서울특별시 서초구 강남대로43길 51,2725,2051,3027,302 
서울특별시 서초구 강남대로53길 11,2699,2282,2908,209 
서울특별시 서초구 강남대로55길 9-7,4877,5014,5832,955 
서울특별시 서초구 강남대로61길 17,2759,3156,3227,468 
서울특별시 서초구 강남대로61길 23,2588,2568,3235,647 
서울특별시 서초구 강남대로6길 126,2126,0,2027,-99 
서울특별시 서초구 강남대로6길 148,2429,0,2867,438 
서울특별시 서초구 강남대로6길 70,2190,2246,2396,206 
서울특별시 서초구 강남대로95길 56,2600,3204,3928,1328 
서울특별시 서초구 강남대로95길 81,2641,3314,3369,728 
서울특별시 서초구 고무래로 35,6862,7437,8585,1723 
서울특별시 서초구 고무래로 94,4036,5164,6676,2640 
서울특별시 서초구 고무래로10길 13,2704,3075,2932,228 
서울특별시 서초구 고무래로10길 16,3373,4462,5678,2305 
서울특별시 서초구 고무래로10길 28,3469,3673,4448,979 
서울특별시 서초구 고무래로10길 31,2494,2728,2753,259 
서울특별시 서초구 고무래로10길 39,3799,4799,3810,11 
서울특별시 서초구 나루터로 46,4514,4726,5290,776 
서울특별시 서초구 나루터로4길 28,4960,10011,9331,4371 
서울특별시 서초구 나루터로4길 39,7928,9065,10612,2684 
서울특별시 서초구 나루터로4길 49,5601,7306,9276,3675 
서울특별시 서초구 나루터로4길 61,5775,6963,9425,3650 
서울특별시 서초구 남부순환로 2183,3252,4180,4526,1274 
서울특별시 서초구 남부순환로 2311-12,3311,3853,3839,528 
서울특별시 서초구 남부순환로 2343-10,3331,3754,3378,47 
서울특별시 서초구 남부순환로 2614,3080,3587,4680,1600 
서울특별시 서초구 남부순환로287길 7,2312,2758,3375,1063 
서울특별시 서초구 남부순환로289길 16,2884,0,4703,1819 
서울특별시 서초구 남부순환로291길 5,2069,2130,2493,424 
서울특별시 서초구 남부순환로317길 34,2950,3646,4214,1264 
서울특별시 서초구 남부순환로323길 38-15,3543,4271,5629,2086 
서울특별시 서초구 남부순환로323길 38-16,3855,3546,4866,1011 
서울특별시 서초구 남부순환로337가길 51-6,1867,0,3426,1559 
서울특별시 서초구 남부순환로337가길 51-9,3358,4134,4739,1381 
서울특별시 서초구 남부순환로356길 95-10,2455,2582,3488,1033 
서울특별시 서초구 논현로11길 20,2527,0,3128,601 
서울특별시 서초구 논현로1길 23,2182,2610,2195,13 
서울특별시 서초구 논현로1길 25,2247,2908,2898,651 
서울특별시 서초구 논현로1길 33,2467,2387,2501,34 
서울특별시 서초구 논현로27길 57,3798,4819,4218,420 
서울특별시 서초구 논현로31길 24-17,1369,0,2647,1278 
서울특별시 서초구 동광로 160,2893,0,2939,46 
서울특별시 서초구 동광로 62,3524,4381,4522,998 
서울특별시 서초구 동광로 89-5,3890,4054,4442,552 
서울특별시 서초구 동광로19길 51,2600,3146,3582,982 
서울특별시 서초구 동광로1길 112,3466,4485,3321,-145 
서울특별시 서초구 동광로1길 84,2402,0,3347,945 
서울특별시 서초구 동광로27길 29-6,4513,3802,3801,-712 
서울특별시 서초구 동광로27길 67,5032,2747,5620,588 
서울특별시 서초구 동광로32길 8,4917,0,6262,1345 
서울특별시 서초구 동광로33길 15,2549,0,2007,-542 
서울특별시 서초구 동광로39길 10,4055,0,3109,-946 
서울특별시 서초구 동광로39길 7,2336,0,3642,1306 
서울특별시 서초구 동광로3길 18,3204,4047,5576,2372 
서울특별시 서초구 동광로41길 32-1,2656,2908,2797,141 
서울특별시 서초구 동광로42길 4,2812,0,3468,656 
서울특별시 서초구 동광로43길 14-30,2709,0,3502,793 
서울특별시 서초구 동광로43길 58,4233,0,4210,-23 
서울특별시 서초구 동광로49길 89,2908,2859,3182,274 
서울특별시 서초구 동산로12길 13-16,2604,2780,2960,356 
서울특별시 서초구 동작대로 108,3458,3844,4731,1273 
서울특별시 서초구 동작대로 112,3858,4606,5370,1512 
서울특별시 서초구 매헌로6길 46,1759,0,2003,244 
서울특별시 서초구 명달로 10,2626,3433,4193,1567 
서울특별시 서초구 명달로 112,3462,4318,4457,995 
서울특별시 서초구 명달로 15,3861,4778,4472,611 
서울특별시 서초구 명달로 20,2128,2128,2626,498 
서울특별시 서초구 명달로 33,2876,3480,3871,995 
서울특별시 서초구 명달로 5-103,1691,1704,1354,-337 
서울특별시 서초구 명달로 91,3839,3459,3760,-79 
서울특별시 서초구 명달로13길 21,3351,3672,3695,344 
서울특별시 서초구 명달로13길 7,2671,0,3496,825 
서울특별시 서초구 명달로16길 17-5,3557,0,4143,586 
서울특별시 서초구 명달로16길 31-13,2422,0,2023,-399 
서울특별시 서초구 명달로20길 25,2900,0,3381,481 
서울특별시 서초구 명달로20길 39,2852,2807,3313,461 
서울특별시 서초구 명달로22길 42,2417,2691,3437,1020 
서울특별시 서초구 명달로22길 45,2489,2771,2999,510 
서울특별시 서초구 명달로22길 64,2600,0,3288,688 
서울특별시 서초구 명달로22길 89,2158,0,3331,1173 
서울특별시 서초구 명달로4길 30,2805,3472,3670,865 
서울특별시 서초구 명달로6길 24,2352,0,3112,760 
서울특별시 서초구 명달로6길 31,3186,3994,4803,1617 
서울특별시 서초구 명달로8길 8,2718,2936,2968,250 
서울특별시 서초구 바우뫼로 103,3511,4081,4955,1444 
서울특별시 서초구 바우뫼로 33,3851,4099,4979,1128 
서울특별시 서초구 바우뫼로 53,4465,4591,5597,1132 
서울특별시 서초구 바우뫼로 91,3557,4082,5233,1676 
서울특별시 서초구 바우뫼로41길 30,2254,0,2986,732 
서울특별시 서초구 바우뫼로41길 62,2910,3033,2753,-157 
서울특별시 서초구 바우뫼로43길 23,2017,2371,3020,1003 
서울특별시 서초구 바우뫼로7길 29,3086,3658,4273,1187 
서울특별시 서초구 바우뫼로7길 51,2830,2446,3025,195 
서울특별시 서초구 반포대로 122,2634,2592,3391,757 
서울특별시 서초구 반포대로 275,7938,8338,11944,4006 
서울특별시 서초구 반포대로 310,4580,6028,7275,2695 
서울특별시 서초구 반포대로 58,2816,3482,3704,888 
서울특별시 서초구 반포대로10길 35,4323,4459,5257,934 
서울특별시 서초구 반포대로10길 42,4312,4195,5244,932 
서울특별시 서초구 반포대로21길 27,2843,3234,3394,551 
서울특별시 서초구 반포대로21길 62,3323,0,5581,2258 
서울특별시 서초구 반포대로21길 67,3091,3843,4247,1156 
서울특별시 서초구 반포대로23길 71,3961,3861,4427,466 
서울특별시 서초구 반포대로26길 20,2120,3101,2799,679 
서울특별시 서초구 반포대로39길 63-8,2914,0,3478,564 
서울특별시 서초구 반포대로3길 49,2560,0,2921,361 
서울특별시 서초구 반포대로4길 24,2356,2701,2473,117 
서울특별시 서초구 반포대로5길 65,2457,2483,3681,1224 
서울특별시 서초구 반포대로7길 45,3174,3473,4496,1322 
서울특별시 서초구 방배로 14,3420,4963,5955,2535 
서울특별시 서초구 방배로 239,3664,4183,4580,916 
서울특별시 서초구 방배로 249,3018,3538,3584,566 
서울특별시 서초구 방배로 270,4048,3915,4359,311 
서울특별시 서초구 방배로 278,3665,3979,4530,865 
서울특별시 서초구 방배로 63,2838,0,3014,176 
서울특별시 서초구 방배로11길 35,2653,0,4620,1967 
서울특별시 서초구 방배로13길 18,3152,3623,4125,973 
서울특별시 서초구 방배로18길 103,3634,0,4496,862 
서울특별시 서초구 방배로18길 57-13,2207,0,2654,447 
서울특별시 서초구 방배로18길 67,2878,3534,3581,703 
서울특별시 서초구 방배로19길 67,3574,4040,4876,1302 
서울특별시 서초구 방배로1길 9,2388,2459,3002,614 
서울특별시 서초구 방배로26길 41,3825,6595,4262,437 
서울특별시 서초구 방배로28길 63,2703,3640,3682,979 
서울특별시 서초구 방배로28길 90,3740,4275,4654,914 
서울특별시 서초구 방배로2길 24-5,4132,4598,5622,1490 
서울특별시 서초구 방배로2길 24-6,4010,4390,5029,1019 
서울특별시 서초구 방배로30길 84,3424,3790,3852,428 
서울특별시 서초구 방배로32길 109,4014,3898,4057,43 
서울특별시 서초구 방배로32길 17-16,3866,0,3995,129 
서울특별시 서초구 방배로32길 67-10,3614,3086,2669,-945 
서울특별시 서초구 방배로32길 71,4046,0,3872,-174 
서울특별시 서초구 방배로33길 29,2892,3358,3274,382 
서울특별시 서초구 방배로34길 17,2848,0,3536,688 
서울특별시 서초구 방배로34길 20,3579,0,3602,23 
서울특별시 서초구 방배로37길 26-9,2953,3925,5693,2740 
서울특별시 서초구 방배로3길 10-3,3111,4238,4627,1516 
서울특별시 서초구 방배로40길 15-13,2422,2597,3285,863 
서울특별시 서초구 방배로43길 2,3013,3717,4269,1256 
서울특별시 서초구 방배로43길 21,3507,4262,4969,1462 
서울특별시 서초구 방배로43길 30,3198,3611,4230,1032 
서울특별시 서초구 방배로43길 5,3512,4437,5135,1623 
서울특별시 서초구 방배로45길 2,3522,4400,4451,929 
서울특별시 서초구 방배로45길 27,2499,3412,3344,845 
서울특별시 서초구 방배선행길 1,3513,3562,4938,1425 
서울특별시 서초구 방배선행길 2,3598,4469,5785,2187 
서울특별시 서초구 방배중앙로 204,2432,0,3111,679 
서울특별시 서초구 방배중앙로 207-10,2930,3207,3826,896 
서울특별시 서초구 방배중앙로21길 55,4164,5825,4909,745 
서울특별시 서초구 방배천로 11,3770,5314,5132,1362 
서울특별시 서초구 방배천로18길 11,5288,6982,5180,-108 
서울특별시 서초구 방배천로4길 36,2877,2491,3004,127 
서울특별시 서초구 사임당로 130,4725,6020,6854,2129 
서울특별시 서초구 사임당로 137,4726,6121,6155,1429 
서울특별시 서초구 사임당로10길 39,3143,3594,3909,766 
서울특별시 서초구 사임당로17길 116,3526,3580,4855,1329 
서울특별시 서초구 사임당로17길 80,3013,3548,5277,2264 
서울특별시 서초구 사임당로17길 83,2583,0,4252,1669 
서울특별시 서초구 사임당로17길 90,2681,2452,2966,285 
서울특별시 서초구 사임당로19길 10,4105,5364,5852,1747 
서울특별시 서초구 사임당로23길 12,2256,2863,2969,713 
서울특별시 서초구 사임당로23길 53,3930,4247,5710,1780 
서울특별시 서초구 사임당로23길 58,3808,0,3927,119 
서울특별시 서초구 사평대로 142,3758,0,5240,1482 
서울특별시 서초구 사평대로 154,4049,5054,5668,1619 
서울특별시 서초구 사평대로 240,6042,5632,8296,2254 
서울특별시 서초구 사평대로12길 22,3111,0,4190,1079 
서울특별시 서초구 사평대로12길 45,3832,0,4466,634 
서울특별시 서초구 사평대로12길 55,3600,0,6066,2466 
서울특별시 서초구 사평대로14길 12,3016,3019,4260,1244 
서울특별시 서초구 사평대로16길 33,2860,0,3071,211 
서울특별시 서초구 사평대로26길 112,1916,1367,2324,408 
서울특별시 서초구 사평대로28길 31,4442,4091,5370,928 
서울특별시 서초구 사평대로28길 55,2220,0,2171,-49 
서울특별시 서초구 사평대로56길 7,2879,3429,4131,1252 
서울특별시 서초구 서래로 5,2341,0,3132,791 
서울특별시 서초구 서래로10길 26,4551,5723,5065,514 
서울특별시 서초구 서래로1길 25,1508,0,3066,1558 
서울특별시 서초구 서래로2길 54-6,3151,3561,3091,-60 
서울특별시 서초구 서래로8길 30,2684,2684,3481,797 
서울특별시 서초구 서리풀4길 36,2454,2618,2977,523 
서울특별시 서초구 서리풀4길 43,3993,4365,5324,1331 
서울특별시 서초구 서운로 104,6302,6810,9301,2999 
서울특별시 서초구 서운로 107,5861,7322,8250,2389 
서울특별시 서초구 서운로 122,3922,4384,4986,1064 
서울특별시 서초구 서운로 138,2034,2481,2838,804 
서울특별시 서초구 서운로 194,5049,4128,6630,1581 
서울특별시 서초구 서운로 197,4963,4445,5193,230 
서울특별시 서초구 서운로 200,6084,4613,7550,1466 
서울특별시 서초구 서운로 201,6955,6992,8717,1762 
서울특별시 서초구 서운로 212,6079,7187,8191,2112 
서울특별시 서초구 서운로 221,6875,5623,7016,141 
서울특별시 서초구 서운로11길 17,3270,3211,5060,1790 
서울특별시 서초구 서운로11길 23,3305,0,5443,2138 
서울특별시 서초구 서운로3길 29,2961,3508,3890,929 
서울특별시 서초구 서운로6길 15-13,2336,2997,4016,1680 
서울특별시 서초구 서운로6길 15-20,2530,2763,4639,2109 
서울특별시 서초구 서운로9길 18,4506,2750,2697,-1809 
서울특별시 서초구 서운로9길 63,4081,4353,4664,583 
서울특별시 서초구 서초대로 12,2184,0,2581,397 
서울특별시 서초구 서초대로 156,3389,3968,4236,847 
서울특별시 서초구 서초대로 17,3743,3718,3945,202 
서울특별시 서초구 서초대로 240,3484,3961,4862,1378 
서울특별시 서초구 서초대로 3-4,3193,4306,3725,532 
서울특별시 서초구 서초대로 334,3666,3526,4450,784 
서울특별시 서초구 서초대로 340,3145,3446,3680,535 
서울특별시 서초구 서초대로 385,4263,5179,5610,1347 
서울특별시 서초구 서초대로18길 6,2828,4255,3779,951 
서울특별시 서초구 서초대로1길 2,4068,4855,5769,1701 
서울특별시 서초구 서초대로1길 30,4950,6001,6020,1070 
서울특별시 서초구 서초대로1길 34,4576,6340,6216,1640 
서울특별시 서초구 서초대로23길 64,3435,0,3839,404 
서울특별시 서초구 서초대로23길 74,3333,3317,4186,853 
서울특별시 서초구 서초대로23길 93,2303,0,2872,569 
서울특별시 서초구 서초대로26길 19,4360,4456,5885,1525 
서울특별시 서초구 서초대로33길 22,3277,3515,3919,642 
서울특별시 서초구 서초대로33길 67,2327,2638,3248,921 
서울특별시 서초구 서초대로33길 84-24,3158,3496,3617,459 
서울특별시 서초구 서초대로33길 84-28,3181,0,4079,898 
서울특별시 서초구 서초대로33길 84-5,2453,2628,2965,512 
서울특별시 서초구 서초대로34길 34,3466,3898,3616,150 
서울특별시 서초구 서초대로38길 12,7539,7649,8722,1183 
서울특별시 서초구 서초대로40길 72,3978,5544,6099,2121 
서울특별시 서초구 서초대로46길 62,2943,3458,3939,996 
서울특별시 서초구 서초대로50길 84-8,2085,0,2606,521 
서울특별시 서초구 서초대로58길 10,2806,2885,3139,333 
서울특별시 서초구 서초대로64길 36,3498,4815,5300,1802 
서울특별시 서초구 서초대로65길 13-10,4639,5129,6680,2041 
서울특별시 서초구 서초대로74길 23,2963,3742,4143,1180 
서울특별시 서초구 서초대로74길 29,3197,3337,4596,1399 
서울특별시 서초구 서초대로74길 30,5408,6387,7071,1663 
서울특별시 서초구 서초대로78길 44,2366,0,2327,-39 
서울특별시 서초구 서초중앙로 110,3276,3228,3996,720 
서울특별시 서초구 서초중앙로 15,3132,3263,3683,551 
서울특별시 서초구 서초중앙로 18,2983,2951,3096,113 
서울특별시 서초구 서초중앙로 188,3611,3836,4361,750 
서울특별시 서초구 서초중앙로 200,5469,6426,7890,2421 
서울특별시 서초구 서초중앙로 220,6874,7965,7969,1095 
서울특별시 서초구 서초중앙로 242,4412,4170,5346,934 
서울특별시 서초구 서초중앙로 26,2787,3377,3150,363 
서울특별시 서초구 서초중앙로 45,3088,2862,3137,49 
서울특별시 서초구 서초중앙로12길 19,2178,0,2955,777 
서울특별시 서초구 서초중앙로22길 25,3034,3016,3033,-1 
서울특별시 서초구 서초중앙로22길 78,2515,0,2936,421 
서울특별시 서초구 서초중앙로24길 33,5275,5032,7476,2201 
서울특별시 서초구 서초중앙로24길 43,4809,5022,6571,1762 
서울특별시 서초구 서초중앙로24길 57,4812,4372,5817,1005 
서울특별시 서초구 서초중앙로29길 28,5848,5826,7186,1338 
서울특별시 서초구 서초중앙로2길 21,3336,4260,5023,1687 
서울특별시 서초구 서초중앙로31길 6-11,2214,2881,2466,252 
서울특별시 서초구 신반포로 261,5345,6270,7757,2412 
서울특별시 서초구 신반포로 267,4078,5240,4885,807 
서울특별시 서초구 신반포로 27-6,3405,3839,4116,711 
서울특별시 서초구 신반포로 270,6371,6023,9125,2754 
서울특별시 서초구 신반포로 32,8704,7691,9671,967 
서울특별시 서초구 신반포로 45,10319,10447,10287,-32 
서울특별시 서초구 신반포로 9,9305,10222,10066,761 
서울특별시 서초구 신반포로15길 19,9122,10282,13091,3969 
서울특별시 서초구 신반포로15길 4,6454,5836,6925,471 
서울특별시 서초구 신반포로16길 15-20,6579,8976,11249,4670 
서울특별시 서초구 신반포로19길 10,6420,5822,9001,2581 
서울특별시 서초구 신반포로23길 41,6257,7022,8438,2181 
서울특별시 서초구 신반포로23길 76,8272,6703,7015,-1257 
서울특별시 서초구 신반포로23길 80,2999,0,4083,1084 
서울특별시 서초구 신반포로33길 15,5933,6066,7384,1451 
서울특별시 서초구 신반포로33길 30,7464,8579,10298,2834 
서울특별시 서초구 신반포로33길 64,5928,5802,7109,1181 
서울특별시 서초구 신반포로33길 66,7271,5833,8262,991 
서울특별시 서초구 신반포로33길 71,5517,6609,6589,1072 
서울특별시 서초구 신반포로41길 50,3117,0,3009,-108 
서울특별시 서초구 신반포로41길 55,3613,0,4439,826 
서울특별시 서초구 신반포로45길 23,4592,4244,5959,1367 
서울특별시 서초구 양재대로2길 100-11,3110,3232,3440,330 
서울특별시 서초구 양재대로2길 109,3225,3626,4754,1529 
서울특별시 서초구 양재대로2길 90,3634,4023,6061,2427 
서울특별시 서초구 양재천로11길 5,2273,2915,3246,973 
서울특별시 서초구 양재천로17길 11,2161,0,2722,561 
서울특별시 서초구 잠원로 117,10933,4593,10933,0 
서울특별시 서초구 잠원로 150,6123,6559,7496,1373 
서울특별시 서초구 잠원로 157,6688,6362,10135,3447 
서울특별시 서초구 잠원로 166-17,5368,6641,6012,644 
서울특별시 서초구 잠원로 166-4,6240,6537,7731,1491 
서울특별시 서초구 잠원로 195,5611,5113,11143,5532 
서울특별시 서초구 잠원로 202-11,5092,6220,6691,1599 
서울특별시 서초구 잠원로 213-10,6110,6051,7416,1306 
서울특별시 서초구 잠원로 37-48,5574,5983,6560,986 
서울특별시 서초구 잠원로 46-38,5711,5828,6605,894 
서울특별시 서초구 잠원로 60,9721,8782,10506,785 
서울특별시 서초구 잠원로 85,5855,6569,8105,2250 
서울특별시 서초구 잠원로 88,5598,3370,6009,411 
서울특별시 서초구 잠원로12길 4,5130,6023,6017,887 
서울특별시 서초구 잠원로14길 23,4831,5244,5099,268 
서울특별시 서초구 잠원로14길 3,4831,5432,6218,1387 
서울특별시 서초구 잠원로14길 41,5951,6096,7350,1399 
서울특별시 서초구 잠원로14길 54,4500,5756,5328,828 
서울특별시 서초구 잠원로3길 20,6112,7130,7324,1212 
서울특별시 서초구 잠원로3길 6,6342,6998,7548,1206 
서울특별시 서초구 잠원로3길 8,5948,6490,7460,1512 
서울특별시 서초구 잠원로4길 34-11,6632,7219,7427,795 
서울특별시 서초구 잠원로8길 20,4727,5381,5808,1081 
서울특별시 서초구 잠원로8길 3,6369,0,8025,1656 
서울특별시 서초구 잠원로8길 35,6979,7745,8983,2004 
서울특별시 서초구 주흥11길 40,2616,2616,3832,1216 
서울특별시 서초구 주흥13길 38,4055,4245,4439,384 
서울특별시 서초구 주흥17길 25,2909,0,4202,1293 
서울특별시 서초구 주흥3길 17,2450,2618,2627,177 
서울특별시 서초구 주흥길 44-6,2568,2506,2680,112 
서울특별시 서초구 청계산로11길 7-12,5507,5009,6345,838 
서울특별시 서초구 청계산로7길 43,3777,5032,5751,1974 
서울특별시 서초구 청계산로9길 1-12,4620,5506,6327,1707 
서울특별시 서초구 청두곶길 14,3213,5289,5682,2469 
서울특별시 서초구 태봉로2길 10,3834,5776,5732,1898 
서울특별시 서초구 태봉로2길 30,3289,5226,5644,2355 
서울특별시 서초구 태봉로2길 60,3410,3910,5216,1806 
서울특별시 서초구 태봉로2길 65,3471,3510,5168,1697 
서울특별시 서초구 헌릉로8길 10-12,3951,4945,5302,1351 
서울특별시 서초구 헌릉로8길 22,3776,4876,5240,1464 
서울특별시 서초구 헌릉로8길 45,3773,4258,5852,2079 
서울특별시 서초구 헌릉로8길 58,3498,4040,5946,2448 
서울특별시 서초구 형촌길 15,3311,0,6271,2960 
서울특별시 서초구 형촌길 35,3719,4785,5641,1922 
서울특별시 서초구 효령로 164,3728,4327,4251,523 
서울특별시 서초구 효령로 237,2767,3180,5016,2249 
서울특별시 서초구 효령로 335,2206,0,1881,-325 
서울특별시 서초구 효령로 41,2278,2223,3690,1412 
서울특별시 서초구 효령로 48,4449,4389,6863,2414 
서울특별시 서초구 효령로 84,3653,3754,5260,1607 
서울특별시 서초구 효령로 89,4299,4271,4771,472 
서울특별시 서초구 효령로23길 82,2926,0,3180,254 
서울특별시 서초구 효령로26길 15,2994,3414,3832,838 
서울특별시 서초구 효령로29길 76,2298,0,3169,871 
서울특별시 서초구 효령로2길 73,3028,3967,3952,924 
서울특별시 서초구 효령로33길 50,5409,6690,7301,1892 
서울특별시 서초구 효령로33길 66-31,3506,4334,5160,1654 
서울특별시 서초구 효령로34길 39,2163,0,3213,1050 
서울특별시 서초구 효령로34길 79,3261,5235,4355,1094 
서울특별시 서초구 효령로46길 21,4746,3458,3699,-1047 
서울특별시 서초구 효령로47길 18,2669,0,2980,311 
서울특별시 서초구 효령로49길 57,3705,3957,4918,1213 
서울특별시 서초구 효령로4길 10,2191,2134,2924,733 
서울특별시 서초구 효령로4길 13,3040,3079,4688,1648 
서울특별시 서초구 효령로4길 56-29,2998,3971,4399,1401 
서울특별시 서초구 효령로52길 63,3334,3492,3431,97 
서울특별시 서초구 효령로53길 45,2370,2511,3074,704 
서울특별시 서초구 효령로67길 35,3999,3664,3494,-505 
서울특별시 서초구 효령로67길 52,3107,4002,4127,1020 
서울특별시 서초구 효령로68길 13,3522,4304,5332,1810 
서울특별시 서초구 효령로68길 33,2671,3372,3600,929 
서울특별시 서초구 효령로68길 81,3082,3643,4679,1597 
서울특별시 서초구 효령로72길 14,4500,0,5987,1487 
서울특별시 서초구 효령로72길 57,3282,3895,4162,880 
서울특별시 서초구 효령로74길 56,3519,3590,4536,1017 
서울특별시 서초구 효령로74길 57,3576,4625,4370,794 
서울특별시 서초구 효령로77길 14,3135,3309,3355,220 
서울특별시 서초구 효령로77길 20,2139,2325,2576,437 
서울특별시 서초구 효령로77길 30,3693,3569,3615,-78 
서울특별시 성동구 고산자로 160,3152,3774,4441,1289 
서울특별시 성동구 고산자로 164,2709,3826,4095,1386 
서울특별시 성동구 고산자로 177,3343,4308,4922,1579 
서울특별시 성동구 고산자로14길 40,2216,3303,3524,1308 
서울특별시 성동구 고산자로26길 11,2141,0,2328,187 
서울특별시 성동구 고산자로4길 34,2736,3688,4047,1311 
서울특별시 성동구 광나루로 249,2175,2176,2288,113 
서울특별시 성동구 광나루로6길 7-1,2324,2613,3088,764 
서울특별시 성동구 금호로 100,2482,2419,3579,1097 
서울특별시 성동구 금호로 107,3662,4038,4940,1278 
서울특별시 성동구 금호로 117,3570,3457,4294,724 
서울특별시 성동구 금호로 15,3853,3874,6024,2171 
서울특별시 성동구 금호로 17,4658,5233,6886,2228 
서울특별시 성동구 금호로 173,4535,4477,6513,1978 
서울특별시 성동구 금호산8길 14,3507,3505,5222,1715 
서울특별시 성동구 금호산8길 5,2740,2674,2801,61 
서울특별시 성동구 금호산9가길 52,2353,3223,3530,1177 
서울특별시 성동구 금호산길 27,2543,3878,4306,1763 
서울특별시 성동구 금호산길 8,2759,2476,4677,1918 
서울특별시 성동구 난계로 100,4676,4621,5107,431 
서울특별시 성동구 난계로 114-31,2218,3174,2576,358 
서울특별시 성동구 난계로 73,2263,2681,2958,695 
서울특별시 성동구 난계로 84,2604,3634,4405,1801 
서울특별시 성동구 독서당로 156,3608,4262,5291,1683 
서울특별시 성동구 독서당로 175,2671,4407,4848,2177 
서울특별시 성동구 독서당로 184,1986,0,2508,522 
서울특별시 성동구 독서당로 191,3406,3573,3703,297 
서울특별시 성동구 독서당로 218,3565,3696,5201,1636 
서울특별시 성동구 독서당로 242,3360,3464,4272,912 
서울특별시 성동구 독서당로 272,3071,3276,4050,979 
서울특별시 성동구 독서당로 343,2996,3150,3517,521 
서울특별시 성동구 독서당로 375,2294,3192,3017,723 
서울특별시 성동구 독서당로 377,2200,3140,3560,1360 
서울특별시 성동구 독서당로 431,2576,2643,3353,777 
서울특별시 성동구 독서당로 441,2451,2641,3528,1077 
서울특별시 성동구 독서당로40길 25,3388,3413,4436,1048 
서울특별시 성동구 독서당로40길 37,4283,4834,6043,1760 
서울특별시 성동구 독서당로62길 43,2617,2554,3483,866 
서울특별시 성동구 동일로 143,2052,2301,2654,602 
서울특별시 성동구 동일로 237,2282,2762,2255,-27 
서울특별시 성동구 동일로 263,1963,2270,3163,1200 
서울특별시 성동구 동일로43길 21-1,1824,1666,1800,-24 
서울특별시 성동구 동호로 100,2399,3213,3621,1222 
서울특별시 성동구 동호로 84,2834,3401,3665,831 
서울특별시 성동구 동호로 93,3282,3670,4326,1044 
서울특별시 성동구 둘레11길 1,3788,5244,6051,2263 
서울특별시 성동구 둘레15길 7,3922,4778,7708,3786 
서울특별시 성동구 둘레19길 12,5123,0,8282,3159 
서울특별시 성동구 둘레19길 5,4690,5450,7383,2693 
서울특별시 성동구 둘레19길 6,4977,0,8185,3208 
서울특별시 성동구 둘레19길 7,4661,5011,6992,2331 
서울특별시 성동구 둘레길 21,5542,7603,8258,2716 
서울특별시 성동구 뚝섬로 310,3686,4036,5278,1592 
서울특별시 성동구 뚝섬로 311,4243,3771,5948,1705 
서울특별시 성동구 뚝섬로 434,3502,3655,3154,-348 
서울특별시 성동구 뚝섬로 436,3185,4273,4545,1360 
서울특별시 성동구 뚝섬로 51,3608,3889,4438,830 
서울특별시 성동구 뚝섬로13길 11,3292,3546,4111,819 
서울특별시 성동구 뚝섬로1길 4,3747,4317,5580,1833 
서울특별시 성동구 뚝섬로3길 6,3176,3240,3605,429 
서울특별시 성동구 뚝섬로5길 17,3107,4241,5507,2400 
서울특별시 성동구 마장로 137,3228,3418,4354,1126 
서울특별시 성동구 마장로 219,1537,1840,1854,317 
서울특별시 성동구 마장로 258,2101,2541,2592,491 
서울특별시 성동구 마장로 262,2335,2607,3361,1026 
서울특별시 성동구 마장로 271,1711,2621,3828,2117 
서울특별시 성동구 마장로31길 28-21,1398,1359,1359,-39 
서울특별시 성동구 마장로35길 104,1935,1956,2179,244 
서울특별시 성동구 마장로37길 7,2337,3372,3442,1105 
서울특별시 성동구 마장로39길 43,2232,3247,3261,1029 
서울특별시 성동구 마장로42길 16,2683,3476,2714,31 
서울특별시 성동구 마장로46길 6,1898,0,2373,475 
서울특별시 성동구 마조로 57,2594,3495,4210,1616 
서울특별시 성동구 매봉길 15,4523,5347,6244,1721 
서울특별시 성동구 매봉길 24,3147,3345,4091,944 
서울특별시 성동구 매봉길 50,4812,5657,6286,1474 
서울특별시 성동구 무학로 33,3324,4168,5129,1805 
서울특별시 성동구 무학로 50,2026,2716,3157,1131 
서울특별시 성동구 무학로12길 11,2009,2401,2524,515 
서울특별시 성동구 무학로6길 50,2285,2660,2875,590 
서울특별시 성동구 무학봉28길 5,3572,3341,3187,-385 
서울특별시 성동구 무학봉길 35,3216,3956,4394,1178 
서울특별시 성동구 무학봉길 49,1991,2338,2714,723 
서울특별시 성동구 무학봉길 76,2252,3009,3165,913 
서울특별시 성동구 사근동길 65,1797,2159,2204,407 
서울특별시 성동구 살곶이길 146,2927,0,3283,356 
서울특별시 성동구 살곶이길 176,2399,2631,2179,-220 
서울특별시 성동구 살곶이길 50,2116,2367,3415,1299 
서울특별시 성동구 상원12길 15,2758,3187,3867,1109 
서울특별시 성동구 상원1길 17,3023,3788,4475,1452 
서울특별시 성동구 상원6길 16,2874,2855,4633,1759 
서울특별시 성동구 상원길 42,2547,3056,3918,1371 
서울특별시 성동구 상원길 47,3042,4253,5068,2026 
서울특별시 성동구 상원길 63,3340,3309,4543,1203 
서울특별시 성동구 상원길 75,2830,2962,3658,828 
서울특별시 성동구 상원길 76,2779,3631,4240,1461 
서울특별시 성동구 서울숲2길 32-14,5986,6664,6749,763 
서울특별시 성동구 서울숲길 17,2219,2598,2950,731 
서울특별시 성동구 서울숲길 25,3077,3543,4267,1190 
서울특별시 성동구 서울숲길 34,3907,3664,4688,781 
서울특별시 성동구 성수이로 137,2952,3267,3945,993 
서울특별시 성동구 성수이로 3,4058,6633,6408,2350 
서울특별시 성동구 성수이로16길 13,2737,2802,3521,784 
서울특별시 성동구 성수이로2길 4,3979,6001,7983,4004 
서울특별시 성동구 성수일로10길 3,2457,3310,3862,1405 
서울특별시 성동구 성수일로4길 26,5295,6002,6504,1209 
서울특별시 성동구 성수일로8길 47,2867,3843,3584,717 
서울특별시 성동구 아차산로9길 34,2122,2607,2978,856 
서울특별시 성동구 연무장길 31,2486,3303,3937,1451 
서울특별시 성동구 왕십리로 16,6769,7782,12150,5381 
서울특별시 성동구 왕십리로 241,3458,3851,4674,1216 
서울특별시 성동구 왕십리로 280,3026,3972,4504,1478 
서울특별시 성동구 왕십리로 36,4088,4751,5789,1701 
서울특별시 성동구 왕십리로 391-1,1762,0,2273,511 
서울특별시 성동구 왕십리로 410,3845,4664,6248,2403 
서울특별시 성동구 왕십리로 66-15,4484,5765,7258,2774 
서울특별시 성동구 왕십리로 80,3448,3603,6227,2779 
서울특별시 성동구 왕십리로31길 15,2687,2896,2894,207 
서울특별시 성동구 왕십리로31길 20,1881,2719,2507,626 
서울특별시 성동구 왕십리로31나길 22,2241,3411,2978,737 
서울특별시 성동구 용답29길 29,1844,3233,2428,584 
서울특별시 성동구 용답중앙27길 10,1771,2049,2574,803 
서울특별시 성동구 자동차시장1길 14,1800,2477,2195,395 
서울특별시 성동구 한림말3길 24,2202,2536,3186,984 
서울특별시 성동구 한림말길 24,2647,3516,4358,1711 
서울특별시 성동구 한림말길 50,3920,4317,5250,1330 
서울특별시 성동구 행당로 27,2575,3111,3448,873 
서울특별시 성동구 행당로 31,3415,2458,2854,-561 
서울특별시 성동구 행당로 31-35,2047,0,2470,423 
서울특별시 성동구 행당로 31-43,1789,0,2139,350 
서울특별시 성동구 행당로 79,2638,3260,3864,1226 
서울특별시 성동구 행당로 82,2937,3401,3023,86 
서울특별시 성동구 행당로 99,3187,3838,3885,698 
서울특별시 성동구 행당로8길 8,3683,4410,4543,860 
서울특별시 성북구 37,1690,2527,2140,450 
서울특별시 성북구 길음로 118,2213,2859,3370,1157 
서울특별시 성북구 길음로 119,1939,2272,2632,693 
서울특별시 성북구 길음로 141,1301,1375,1568,267 
서울특별시 성북구 길음로 16,2455,2120,3822,1367 
서울특별시 성북구 길음로 33,2605,2817,3914,1309 
서울특별시 성북구 길음로 74,2308,2340,3391,1083 
서울특별시 성북구 길음로13길 11,2068,2802,2844,776 
서울특별시 성북구 길음로13길 22,2582,3022,3492,910 
서울특별시 성북구 길음로13길 39,1988,2595,2968,980 
서울특별시 성북구 길음로9길 40,2226,2672,3139,913 
서울특별시 성북구 길음로9길 50,2625,3853,4429,1804 
서울특별시 성북구 낙산길 243-15,1953,2064,3336,1383 
서울특별시 성북구 낙산길 255,2214,2390,3250,1036 
서울특별시 성북구 돌곶이로 220,2615,2800,3726,1111 
서울특별시 성북구 돌곶이로41가길 54,1286,1337,1481,195 
서울특별시 성북구 동소문로 248,1736,1922,2668,932 
서울특별시 성북구 동소문로 284,1700,2122,2508,808 
서울특별시 성북구 동소문로 73,4358,4825,5131,773 
서울특별시 성북구 동소문로13가길 52-9,1846,1980,2501,655 
서울특별시 성북구 동소문로13길 47,1264,2210,1928,664 
서울특별시 성북구 동소문로13길 84,1863,0,2267,404 
서울특별시 성북구 동소문로15길 99,2156,2782,3042,886 
서울특별시 성북구 동소문로20나길 47,1387,2051,2275,888 
서울특별시 성북구 동소문로26마길 46,1187,1237,1315,128 
서울특별시 성북구 동소문로27길 37,1623,1746,2590,967 
서울특별시 성북구 동소문로31길 6-1,1853,1820,1679,-174 
서울특별시 성북구 동소문로34길 24,1759,2333,2510,751 
서울특별시 성북구 동소문로34길 73,2458,2932,3542,1084 
서울특별시 성북구 동소문로3길 101,1627,2253,2117,490 
서울특별시 성북구 동소문로44길 17,1747,1905,2484,737 
서울특별시 성북구 동소문로44길 43,1652,2451,2444,792 
서울특별시 성북구 동소문로46길 18,2850,2647,2493,-357 
서울특별시 성북구 보국문로 116,1954,2020,2550,596 
서울특별시 성북구 보국문로 167,1420,1429,1472,52 
서울특별시 성북구 보국문로 183,1368,1605,1684,316 
서울특별시 성북구 보국문로 19,1982,2530,2605,623 
서울특별시 성북구 보국문로16다길 51,1119,0,1085,-34 
서울특별시 성북구 보국문로29길 17,1335,1355,1663,328 
서울특별시 성북구 보국문로30길 15,1674,2059,1961,287 
서울특별시 성북구 보국문로30길 34,950,926,1086,136 
서울특별시 성북구 보국문로32길 53,1515,1236,1479,-36 
서울특별시 성북구 보국문로37길 14-5,1560,1723,1541,-19 
서울특별시 성북구 보국문로38길 34,1102,0,1423,321 
서울특별시 성북구 보문로29다길 31,1959,2752,2842,883 
서울특별시 성북구 보문로38길 11,1864,2447,2793,929 
서울특별시 성북구 보문로40길 11,4496,5389,5207,711 
서울특별시 성북구 보문사길 111,3180,4181,4399,1219 
서울특별시 성북구 보문사길 112,1616,1749,1966,350 
서울특별시 성북구 북악산로 742-12,1520,1410,2366,846 
서울특별시 성북구 북악산로 746,1475,1360,1550,75 
서울특별시 성북구 북악산로 813,1593,1904,2326,733 
서울특별시 성북구 북악산로 828,1605,2108,2314,709 
서울특별시 성북구 북악산로 831,1741,2186,2284,543 
서울특별시 성북구 북악산로 844,2184,2929,3030,846 
서울특별시 성북구 북악산로 847,1209,1325,2178,969 
서울특별시 성북구 북악산로 851,2197,2668,2983,786 
서울특별시 성북구 북악산로 865,904,0,1776,872 
서울특별시 성북구 북악산로 913,1457,2020,2000,543 
서울특별시 성북구 북악산로29길 67,1699,1908,2339,640 
서울특별시 성북구 삼선교로16길 35,2842,3418,3360,518 
서울특별시 성북구 삼선교로18가길 15,1619,0,1718,99 
서울특별시 성북구 삼선교로20길 36-8,1368,0,1815,447 
서울특별시 성북구 삼선교로23길 23,2201,2527,2711,510 
서울특별시 성북구 서경로 28,1639,2027,2138,499 
서울특별시 성북구 서경로 31,1638,1910,2205,567 
서울특별시 성북구 서경로2길 48,1551,1905,2091,540 
서울특별시 성북구 성북로31길 40-12,1054,1369,1304,250 
서울특별시 성북구 성북로4길 52,1665,2050,2352,687 
서울특별시 성북구 성북로6가길 23,2192,2098,2325,133 
서울특별시 성북구 솔샘로 120,1646,2041,2132,486 
서울특별시 성북구 솔샘로24길 15,1904,1941,2493,589 
서울특별시 성북구 솔샘로25길 11-11,1735,1760,2155,420 
서울특별시 성북구 솔샘로25길 28,1517,1786,1748,231 
서울특별시 성북구 솔샘로5길 60,698,851,1057,359 
서울특별시 성북구 숭인로2길 61,1970,2314,3015,1045 
서울특별시 성북구 아리랑로 68,2071,1967,3112,1041 
서울특별시 성북구 아리랑로 75,2595,2725,3900,1305 
서울특별시 성북구 아리랑로 89,1667,1900,2135,468 
서울특별시 성북구 아리랑로19가길 20,2618,2431,3448,830 
서울특별시 성북구 아리랑로19가길 21,2176,2470,2673,497 
서울특별시 성북구 아리랑로19길 60,1840,2058,2148,308 
서울특별시 성북구 아리랑로19길 86,1596,1767,2004,408 
서울특별시 성북구 아리랑로5길 25,2766,2926,3499,733 
서울특별시 성북구 아리랑로5길 50-8,1558,1626,1888,330 
서울특별시 성북구 아리랑로5길 85,1722,2019,2284,562 
서울특별시 성북구 아리랑로5길 92,1620,2211,2524,904 
서울특별시 성북구 아리랑로7길 28-9,1340,1456,1456,116 
서울특별시 성북구 안암로9가길 9-16,930,1125,1012,82 
서울특별시 성북구 안암로9길 30,1380,1201,1986,606 
서울특별시 성북구 안암로9나길 14,901,1108,1246,345 
서울특별시 성북구 오패산로 46,1963,2283,2409,446 
서울특별시 성북구 오패산로 47,1206,1563,1579,373 
서울특별시 성북구 오패산로 90,2206,2418,2856,650 
서울특별시 성북구 오패산로16가길 40,2101,2356,2925,824 
서울특별시 성북구 오패산로1길 50,1248,0,1649,401 
서울특별시 성북구 오패산로1길 54,1311,0,1589,278 
서울특별시 성북구 오패산로3길 17,1654,2370,2454,800 
서울특별시 성북구 오패산로4길 11,1756,0,2015,259 
서울특별시 성북구 월계로 154,1137,0,1314,177 
서울특별시 성북구 월계로36길 27,1985,2528,3179,1194 
서울특별시 성북구 월곡로14길 26,2364,3138,3235,871 
서울특별시 성북구 장월로1길 28,1700,2406,2319,619 
서울특별시 성북구 장월로9길 14,1262,1469,2176,914 
서울특별시 성북구 장위로 122-3,882,0,2751,1869 
서울특별시 성북구 장위로 31,1000,1018,1455,455 
서울특별시 성북구 정릉로 185-4,1424,1249,1540,116 
서울특별시 성북구 정릉로 292,1760,2468,2759,999 
서울특별시 성북구 정릉로 305,1650,1707,2258,608 
서울특별시 성북구 정릉로 307,1825,2281,2378,553 
서울특별시 성북구 정릉로 388,2014,2541,2964,950 
서울특별시 성북구 정릉로 402,1771,2297,2799,1028 
서울특별시 성북구 정릉로 402-16,1910,2473,2859,949 
서울특별시 성북구 정릉로 404,1506,2160,2293,787 
서울특별시 성북구 정릉로21길 21,1698,1738,1918,220 
서울특별시 성북구 정릉로26길 8,1734,2427,2325,591 
서울특별시 성북구 정릉로44길 37,1486,1667,1731,245 
서울특별시 성북구 정릉로44길 7,1372,1539,1731,359 
서울특별시 성북구 정릉로46길 25,1475,0,1864,389 
서울특별시 성북구 정릉로48길 35,1116,0,1558,442 
서울특별시 성북구 정릉로52길 46,1557,1942,1973,416 
서울특별시 성북구 종암로 132,1728,2330,2490,762 
서울특별시 성북구 종암로 166,1522,1946,2141,619 
서울특별시 성북구 종암로 167,1798,1929,2252,454 
서울특별시 성북구 종암로 54,1394,1596,1652,258 
서울특별시 성북구 종암로19다길 42-12,735,921,896,161 
서울특별시 성북구 종암로21길 127,2338,2330,3702,1364 
서울특별시 성북구 종암로23길 35,2342,3577,3852,1510 
서울특별시 성북구 종암로24가길 50,1673,1668,2008,335 
서울특별시 성북구 종암로24가길 53,1661,2274,2304,643 
서울특별시 성북구 종암로24가길 80,2341,2984,3774,1433 
서울특별시 성북구 종암로24길 35,2204,2106,3716,1512 
서울특별시 성북구 종암로25길 30,1889,2761,2966,1077 
서울특별시 성북구 종암로36길 52,1406,1481,1870,464 
서울특별시 성북구 종암로3길 46,1406,0,1462,56 
서울특별시 성북구 종암로5길 26,1778,1958,2504,726 
서울특별시 성북구 종암로9길 71,2123,2668,3539,1416 
서울특별시 성북구 지봉로21길 19,2428,2349,3183,755 
서울특별시 성북구 창경궁로 323,3793,3867,4242,449 
서울특별시 성북구 한천로 509,1750,2202,2149,399 
서울특별시 성북구 한천로101길 18,1835,2350,2463,628 
서울특별시 성북구 한천로68길 51,1440,2003,1943,503 
서울특별시 성북구 한천로76길 73,1694,1466,2025,331 
서울특별시 성북구 화랑로 210-26,1710,2510,2509,799 
서울특별시 성북구 화랑로 214,2234,2470,2904,670 
서울특별시 성북구 화랑로 235,1681,1876,1631,-50 
서울특별시 성북구 화랑로 76,1761,1936,2314,553 
서울특별시 성북구 화랑로11길 26,1675,1961,2407,732 
서울특별시 성북구 화랑로15길 4,1386,1559,1971,585 
서울특별시 성북구 화랑로18가길 51,1793,0,1322,-471 
서울특별시 성북구 화랑로37길 42,1552,1602,2230,678 
서울특별시 성북구 화랑로48길 16,1910,1655,2884,974 
서울특별시 성북구 회기로5길 100,1656,2082,2254,598 
서울특별시 송파구 가락로 187,4186,2705,3635,-551 
서울특별시 송파구 가락로 192,3455,4612,5048,1593 
서울특별시 송파구 가락로 232,1913,0,2312,399 
서울특별시 송파구 가락로38길 10,2275,0,2875,600 
서울특별시 송파구 강동대로9길 20,2252,2845,3750,1498 
서울특별시 송파구 거마로 41,2077,2399,2904,827 
서울특별시 송파구 거마로15길 12,1665,2338,2508,843 
서울특별시 송파구 거마로8길 23,2016,2255,2344,328 
서울특별시 송파구 거마로9길 19,2119,2380,2670,551 
서울특별시 송파구 동남로 160,2927,3495,4660,1733 
서울특별시 송파구 동남로 193,3187,3938,5052,1865 
서울특별시 송파구 동남로 225,3338,4414,5520,2182 
서울특별시 송파구 동남로 234,3245,3465,4346,1101 
서울특별시 송파구 동남로11길 21,1759,0,2839,1080 
서울특별시 송파구 동남로11길 4,2842,3652,4293,1451 
서울특별시 송파구 동남로13길 32,2066,0,2323,257 
서울특별시 송파구 동남로14길 21,2121,0,2467,346 
서울특별시 송파구 동남로14길 23,2132,0,3355,1223 
서울특별시 송파구 동남로17길 15,1904,2443,2685,781 
서울특별시 송파구 동남로18길 9,3673,3859,3878,205 
서울특별시 송파구 동남로20길 3,1538,2014,2094,556 
서울특별시 송파구 동남로23가길 20,2118,2580,2510,392 
서울특별시 송파구 동남로24길 6,2432,3001,3218,786 
서울특별시 송파구 동남로30길 16,1516,0,2021,505 
서울특별시 송파구 동남로9길 39,2477,2254,3066,589 
서울특별시 송파구 동남로9길 41,2125,0,2174,49 
서울특별시 송파구 마천로 12,1944,0,2726,782 
서울특별시 송파구 마천로 204,2170,2158,2376,206 
서울특별시 송파구 마천로 234,1610,1779,1771,161 
서울특별시 송파구 마천로 315,1882,2202,2526,644 
서울특별시 송파구 마천로35길 12,2384,2851,3666,1282 
서울특별시 송파구 마천로35길 18,1928,1949,2741,813 
서울특별시 송파구 마천로35길 6,1977,1874,2133,156 
서울특별시 송파구 마천로51길 25,2870,3113,4177,1307 
서울특별시 송파구 마천로51길 27,2260,2781,3504,1244 
서울특별시 송파구 마천로57길 16,2452,3084,3717,1265 
서울특별시 송파구 마천로7길 4,3140,2964,4469,1329 
서울특별시 송파구 문정로 125,2946,3313,2797,-149 
서울특별시 송파구 문정로 171,2463,2077,2493,30 
서울특별시 송파구 문정로 197,2289,2677,3169,880 
서울특별시 송파구 문정로 55,2894,3743,3714,820 
서울특별시 송파구 문정로 83,2802,3083,3193,391 
서울특별시 송파구 문정로5길 13,2354,2510,3545,1191 
서울특별시 송파구 백제고분로 188,3459,3497,3764,305 
서울특별시 송파구 백제고분로 348,3383,4465,4709,1326 
서울특별시 송파구 백제고분로 497,2269,2700,2562,293 
서울특별시 송파구 백제고분로 505,4306,4560,4746,440 
서울특별시 송파구 백제고분로18길 30,3994,4340,5277,1283 
서울특별시 송파구 백제고분로18길 7,3644,3663,4647,1003 
서울특별시 송파구 백제고분로19길 23,3681,3444,4200,519 
서울특별시 송파구 백제고분로22길 38-13,3682,0,3491,-191 
서울특별시 송파구 백제고분로22길 39,2598,3031,4000,1402 
서울특별시 송파구 백제고분로32길 26-20,1808,0,2217,409 
서울특별시 송파구 백제고분로37길 12,2137,2573,2619,482 
서울특별시 송파구 백제고분로41길 19-25,2698,0,2536,-162 
서울특별시 송파구 백제고분로44길 13-18,1759,0,2054,295 
서울특별시 송파구 백제고분로44길 64,1603,1766,1616,13 
서울특별시 송파구 백제고분로50길 14,1720,1865,2326,606 
서울특별시 송파구 백제고분로50길 20,2342,0,2342,0 
서울특별시 송파구 백제고분로50길 29-23,1623,1829,3061,1438 
서울특별시 송파구 백제고분로50길 7-18,2364,2729,2823,459 
서울특별시 송파구 삼전로 72,4353,4136,4199,-154 
서울특별시 송파구 삼전로8길 8,3554,3494,3585,31 
서울특별시 송파구 삼학사로1길 40,2014,0,1974,-40 
서울특별시 송파구 새말로 139,1707,1692,1997,290 
서울특별시 송파구 새말로 185,2819,3127,3386,567 
서울특별시 송파구 새말로12길 16,3226,3555,4350,1124 
서울특별시 송파구 새말로5길 18,2066,0,2027,-39 
서울특별시 송파구 새말로5길 4-15,2031,0,2177,146 
서울특별시 송파구 새말로5길 4-7,1757,2078,2169,412 
서울특별시 송파구 새말로6길 27,1763,1444,1523,-240 
서울특별시 송파구 새말로8길 12,2942,3424,4078,1136 
서울특별시 송파구 석촌호수로 188,2144,2956,2960,816 
서울특별시 송파구 석촌호수로 210,6045,6202,5806,-239 
서울특별시 송파구 석촌호수로 230,2932,3390,2524,-408 
서울특별시 송파구 석촌호수로 258,3094,3359,3490,396 
서울특별시 송파구 석촌호수로 268,2257,2036,3082,825 
서울특별시 송파구 석촌호수로 298,2414,2494,2518,104 
서울특별시 송파구 석촌호수로18길 8-52,2126,2137,2598,472 
서울특별시 송파구 성내천로 133,1730,2295,2265,535 
서울특별시 송파구 성내천로 211,2024,2610,3070,1046 
서울특별시 송파구 성내천로 236,1866,2011,2861,995 
서울특별시 송파구 성내천로 245,1961,2134,2795,834 
서울특별시 송파구 성내천로 314,2905,2357,3069,164 
서울특별시 송파구 성내천로 36,1262,0,1721,459 
서울특별시 송파구 성내천로 6,3086,4280,4421,1335 
서울특별시 송파구 성내천로 87,2405,2632,2653,248 
서울특별시 송파구 성내천로21길 12,2218,2452,2948,730 
서울특별시 송파구 성내천로29길 28,2523,2523,2390,-133 
서울특별시 송파구 성내천로34길 8,2726,3266,4151,1425 
서울특별시 송파구 성내천로37길 37,2745,2573,3368,623 
서울특별시 송파구 성내천로43바길 35-3,2440,2545,3614,1174 
서울특별시 송파구 성내천로47길 38,2668,2717,3565,897 
서울특별시 송파구 성내천로6길 1-13,2357,3446,4466,2109 
서울특별시 송파구 성내천로6길 9-7,1515,1525,1581,66 
서울특별시 송파구 성내천로8가길 1,1662,2031,2103,441 
서울특별시 송파구 송이로 186,1941,2067,2951,1010 
서울특별시 송파구 송이로 257,2544,2922,3282,738 
서울특별시 송파구 송이로 27-1,2796,2896,3475,679 
서울특별시 송파구 송이로 36,2122,0,3076,954 
서울특별시 송파구 송이로 50,2836,2993,3701,865 
서울특별시 송파구 송이로 88,2710,3406,3533,823 
서울특별시 송파구 송이로12길 11,2720,3148,3917,1197 
서울특별시 송파구 송이로15길 31,2964,3088,4822,1858 
서울특별시 송파구 송이로17길 10,2282,2507,3450,1168 
서울특별시 송파구 송이로17길 46-23,2130,2619,2701,571 
서울특별시 송파구 송이로19길 12-3,3030,3108,4029,999 
서울특별시 송파구 송이로19길 15,2156,0,3154,998 
서울특별시 송파구 송이로19길 8,2833,2890,3495,662 
서울특별시 송파구 송이로21길 23,3028,3184,4221,1193 
서울특별시 송파구 송이로26길 18,1870,1770,1832,-38 
서울특별시 송파구 송이로30길 23,1940,0,2644,704 
서울특별시 송파구 송이로31길 20-10,2498,2742,3854,1356 
서울특별시 송파구 송이로31길 56,3493,4632,4838,1345 
서울특별시 송파구 송이로31길 66,2823,3305,3938,1115 
서울특별시 송파구 송이로32길 37,2630,3093,3616,986 
서울특별시 송파구 송이로34길 26,2170,2415,3299,1129 
서울특별시 송파구 송이로36길 42-10,1883,1986,2060,177 
서울특별시 송파구 송이로36길 62-6,1934,0,2155,221 
서울특별시 송파구 송이로36길 66,2465,1957,2106,-359 
서울특별시 송파구 송이로37가길 22,2585,2566,3152,567 
서울특별시 송파구 송파대로 106,2252,2519,3079,827 
서울특별시 송파구 송파대로 111,4041,4428,5201,1160 
서울특별시 송파구 송파대로 220,2493,2733,3510,1017 
서울특별시 송파구 송파대로 562,1702,1949,2232,530 
서울특별시 송파구 송파대로 567,7864,7448,8197,333 
서울특별시 송파구 송파대로14길 11,2000,2077,2814,814 
서울특별시 송파구 송파대로14길 12,2186,2319,2737,551 
서울특별시 송파구 송파대로14길 8,2115,0,2655,540 
서울특별시 송파구 송파대로16길 12,2451,2834,3526,1075 
서울특별시 송파구 송파대로20길 12,1942,0,2460,518 
서울특별시 송파구 송파대로20길 28,2611,3060,3161,550 
서울특별시 송파구 송파대로24길 5-13,1972,0,1972,0 
서울특별시 송파구 송파대로28길 27,2034,2127,2295,261 
서울특별시 송파구 송파대로28길 35,1401,0,2066,665 
서울특별시 송파구 송파대로30길 11,1835,2028,2384,549 
서울특별시 송파구 송파대로30길 16,2159,2108,2240,81 
서울특별시 송파구 송파대로32길 15,3355,4462,4883,1528 
서울특별시 송파구 송파대로32길 33,2622,2711,2884,262 
서울특별시 송파구 송파대로32길 8,4058,5049,6519,2461 
서울특별시 송파구 송파대로36가길 7,1233,0,1523,290 
서울특별시 송파구 송파대로37길 120,1969,0,2835,866 
서울특별시 송파구 송파대로37길 122,1826,0,2191,365 
서울특별시 송파구 송파대로37길 29,3223,3495,4543,1320 
서울특별시 송파구 송파대로48길 29,2994,4917,4717,1723 
서울특별시 송파구 송파대로48길 34,2916,4052,3965,1049 
서울특별시 송파구 송파대로8길 10,3497,3909,5246,1749 
서울특별시 송파구 송파대로8길 17,4128,4514,5657,1529 
서울특별시 송파구 송파대로8길 20,4001,4623,5504,1503 
서울특별시 송파구 송파대로8길 42,3287,4139,4508,1221 
서울특별시 송파구 송파대로8길 58,3117,3535,4235,1118 
서울특별시 송파구 양산로4길 16,2680,2928,3832,1152 
서울특별시 송파구 양산로4길 8,3027,3446,4490,1463 
서울특별시 송파구 양산로8길 24,2004,2153,2745,741 
서울특별시 송파구 양산로8길 8,2912,3672,4300,1388 
서울특별시 송파구 양재대로 1089,3212,3692,4848,1636 
서울특별시 송파구 양재대로 1109,2907,3127,3564,657 
서울특별시 송파구 양재대로 1218,4990,4939,6008,1018 
서울특별시 송파구 양재대로71길 1-10,1783,1871,1541,-242 
서울특별시 송파구 양재대로71길 2-27,2006,2693,2201,195 
서울특별시 송파구 양재대로72길 15,2673,3070,2886,213 
서울특별시 송파구 양재대로72길 20,3194,4258,4471,1277 
서울특별시 송파구 양재대로72길 42,2739,2720,4002,1263 
서울특별시 송파구 양재대로72길 5,3187,3410,3989,802 
서울특별시 송파구 양재대로72길 52,1972,0,2035,63 
서울특별시 송파구 오금로 126,2858,3634,3830,972 
서울특별시 송파구 오금로 306,2306,3000,2704,398 
서울특별시 송파구 오금로 307,1696,1724,2164,468 
서울특별시 송파구 오금로 370,3388,4461,5631,2243 
서울특별시 송파구 오금로 396,2477,2365,3122,645 
서울특별시 송파구 오금로 405,2631,2690,5328,2697 
서울특별시 송파구 오금로 407,3040,3954,4686,1646 
서울특별시 송파구 오금로 432,3098,2590,3522,424 
서울특별시 송파구 오금로 512,1935,2314,2729,794 
서울특별시 송파구 오금로 58,3039,3291,3912,873 
서울특별시 송파구 오금로11길 33,2289,2487,2487,198 
서울특별시 송파구 오금로11길 55,2018,2448,2419,401 
서울특별시 송파구 오금로19길 33,1998,0,2256,258 
서울특별시 송파구 오금로23길 8-16,1702,2288,2270,568 
서울특별시 송파구 오금로27길 16,2112,0,2565,453 
서울특별시 송파구 오금로31길 27,3069,3269,4265,1196 
서울특별시 송파구 오금로31길 28,3020,3292,4217,1197 
서울특별시 송파구 오금로32길 10,2754,3273,5036,2282 
서울특별시 송파구 오금로32길 14,3308,2950,3830,522 
서울특별시 송파구 오금로32길 31,4390,5461,6741,2351 
서울특별시 송파구 오금로32길 42,2797,2719,4048,1251 
서울특별시 송파구 오금로32길 5,3106,3002,4338,1232 
서울특별시 송파구 오금로35길 17,3237,4039,3919,682 
서울특별시 송파구 오금로36길 4-30,1392,1805,2064,672 
서울특별시 송파구 오금로36길 42,2176,0,2300,124 
서울특별시 송파구 오금로38길 5-19,2735,3093,4000,1265 
서울특별시 송파구 오금로40길 8,3492,3725,3204,-288 
서울특별시 송파구 오금로44가길 27,2495,2807,3314,819 
서울특별시 송파구 오금로44가길 7,2000,1969,2285,285 
서울특별시 송파구 오금로44길 10,1458,1608,1734,276 
서울특별시 송파구 오금로44길 47,2753,2801,3265,512 
서울특별시 송파구 오금로44길 51,1927,1854,2254,327 
서울특별시 송파구 오금로44길 57,1600,0,2080,480 
서울특별시 송파구 오금로54길 10,2362,2646,3311,949 
서울특별시 송파구 오금로56길 16,2289,1985,3707,1418 
서울특별시 송파구 오금로56길 28,2262,2427,3050,788 
서울특별시 송파구 오금로61길 20,2387,2466,2343,-44 
서울특별시 송파구 오금로62길 10,2273,2771,3224,951 
서울특별시 송파구 오금로68길 33,2615,2860,4495,1880 
서울특별시 송파구 올림픽로 135,6850,6243,8981,2131 
서울특별시 송파구 올림픽로 212,3414,3825,3886,472 
서울특별시 송파구 올림픽로 269,3069,3252,3347,278 
서울특별시 송파구 올림픽로 289,1897,2653,2628,731 
서울특별시 송파구 올림픽로 293-19,1738,2090,2375,637 
서울특별시 송파구 올림픽로 366,2428,2544,3157,729 
서울특별시 송파구 올림픽로 399,4346,6156,5349,1003 
서울특별시 송파구 올림픽로 435,5161,5062,6261,1100 
서울특별시 송파구 올림픽로 525,2994,3550,3990,996 
서울특별시 송파구 올림픽로 74,3426,3546,4601,1175 
서울특별시 송파구 올림픽로 99,6235,6471,7774,1539 
서울특별시 송파구 올림픽로32길 39-27,1951,2283,2250,299 
서울특별시 송파구 올림픽로32길 49-12,2254,0,2481,227 
서울특별시 송파구 올림픽로33길 17,7721,6320,10565,2844 
서울특별시 송파구 올림픽로35가길 10,2839,2876,3327,488 
서울특별시 송파구 올림픽로35가길 11,4646,4182,5521,875 
서울특별시 송파구 올림픽로35가길 9,3824,3822,5084,1260 
서울특별시 송파구 올림픽로35길 104,5532,5168,6691,1159 
서울특별시 송파구 올림픽로35길 93,2263,2785,2905,642 
서울특별시 송파구 올림픽로35길 94,4305,4434,5165,860 
서울특별시 송파구 올림픽로45길 11,2916,3687,4286,1370 
서울특별시 송파구 올림픽로45길 12,3109,3659,4650,1541 
서울특별시 송파구 올림픽로47길 12,2863,3072,4560,1697 
서울특별시 송파구 올림픽로47길 9,3034,2334,3967,933 
서울특별시 송파구 올림픽로4길 15,5922,6462,8226,2304 
서울특별시 송파구 올림픽로4길 42,4569,5070,5666,1097 
서울특별시 송파구 위례광장로 120,3486,4479,5614,2128 
서울특별시 송파구 위례광장로 121,4144,3963,5398,1254 
서울특별시 송파구 위례광장로 136,3866,4358,4963,1097 
서울특별시 송파구 위례광장로 163,4167,4617,5354,1187 
서울특별시 송파구 위례광장로 170,4273,4013,4693,420 
서울특별시 송파구 위례광장로 185,3582,3645,4334,752 
서울특별시 송파구 위례광장로 230,4175,4120,5011,836 
서울특별시 송파구 위례광장로 270,3958,4419,4959,1001 
서울특별시 송파구 위례광장로 290,4626,4201,6065,1439 
서울특별시 송파구 위례성대로 176,2689,3017,4092,1403 
서울특별시 송파구 위례성대로 58,2939,3946,4030,1091 
서울특별시 송파구 위례성대로12길 25,2152,2579,3524,1372 
서울특별시 송파구 위례성대로12길 31-11,1998,2053,2552,554 
서울특별시 송파구 위례성대로12길 31-15,2067,0,3083,1016 
서울특별시 송파구 위례성대로12길 31-23,2011,0,2397,386 
서울특별시 송파구 위례성대로12길 31-9,2004,2042,2885,881 
서울특별시 송파구 위례성대로14길 11,2320,2637,2772,452 
서울특별시 송파구 위례성대로6길 24-22,2164,0,2224,60 
서울특별시 송파구 위례성대로8길 13,1978,0,2112,134 
서울특별시 송파구 위례성대로8길 28,2270,3059,3761,1491 
서울특별시 송파구 잠실로 62,5557,6094,6992,1435 
서울특별시 송파구 잠실로 88,5260,5375,7837,2577 
서울특별시 송파구 중대로 121,1644,0,2139,495 
서울특별시 송파구 중대로 127,2346,2340,2407,61 
서울특별시 송파구 중대로 24,3883,3056,5666,1783 
서울특별시 송파구 중대로 289,1915,2525,2521,606 
서울특별시 송파구 중대로 290,2192,2092,2301,109 
서울특별시 송파구 중대로 292,1772,1937,2052,280 
서울특별시 송파구 중대로 293,1985,2501,2685,700 
서울특별시 송파구 중대로12길 35,2801,3125,3702,901 
서울특별시 송파구 중대로23길 20,1787,1994,2828,1041 
서울특별시 송파구 중대로35길 13,2761,2302,2749,-12 
서울특별시 송파구 충민로 151,2952,3418,3807,855 
서울특별시 송파구 충민로 152,2994,3262,4080,1086 
서울특별시 송파구 충민로 188,2860,3263,3826,966 
서울특별시 송파구 충민로4길 19,3250,3497,4274,1024 
서울특별시 송파구 충민로4길 5,3250,3495,4485,1235 
서울특별시 송파구 충민로4길 6,4437,4347,5393,956 
서울특별시 송파구 충민로6길 14,3065,3231,4158,1093 
서울특별시 송파구 토성로 37,2407,3285,3639,1232 
서울특별시 송파구 토성로 38-6,2741,2588,3964,1223 
서울특별시 송파구 풍성로 14,2572,2405,2765,193 
서울특별시 송파구 풍성로 52,2097,2812,3520,1423 
서울특별시 송파구 풍성로14길 19,2203,2863,3200,997 
서울특별시 송파구 풍성로14길 32,2002,0,2267,265 
서울특별시 송파구 풍성로14길 33,2043,0,2619,576 
서울특별시 송파구 풍성로15길 10,2490,2690,3302,812 
서울특별시 송파구 풍성로24길 42,2740,3029,3833,1093 
서울특별시 송파구 풍성로25나길 16-1,1963,2238,2231,268 
서울특별시 송파구 풍성로26길 31,2882,2627,3611,729 
서울특별시 송파구 풍성로26길 47,2797,3866,3496,699 
서울특별시 송파구 풍성로6가길 7,1843,1912,2380,537 
서울특별시 송파구 풍성로6길 15,2018,2504,2946,928 
서울특별시 송파구 한가람로 402,2380,2261,2777,397 
서울특별시 송파구 한가람로 414,2303,2833,2915,612 
서울특별시 송파구 한가람로 448,2468,3172,3340,872 
서울특별시 송파구 한가람로 468,2451,3306,4251,1800 
서울특별시 송파구 한가람로 478,2444,3358,3963,1519 
서울특별시 양천구 가로공원로 78,1412,0,1483,71 
서울특별시 양천구 가로공원로 82,1237,1252,1379,142 
서울특별시 양천구 가로공원로 83,1047,1019,1035,-12 
서울특별시 양천구 가로공원로56길 10,1146,1238,1136,-10 
서울특별시 양천구 곰달래로10길 33-3,1046,1009,1086,40 
서울특별시 양천구 곰달래로11길 21,1429,1662,1788,359 
서울특별시 양천구 곰달래로11길 32,1010,1140,981,-29 
서울특별시 양천구 곰달래로1길 50,862,0,964,102 
서울특별시 양천구 곰달래로1길 63,1243,1320,1425,182 
서울특별시 양천구 곰달래로2길 16,1074,1116,1371,297 
서울특별시 양천구 곰달래로2길 31,1089,1348,1442,353 
서울특별시 양천구 곰달래로2길 32,1201,1236,1302,101 
서울특별시 양천구 곰달래로5길 11,1215,1298,1360,145 
서울특별시 양천구 곰달래로5길 17,973,1216,1245,272 
서울특별시 양천구 곰달래로5길 30,1340,1355,1471,131 
서울특별시 양천구 곰달래로5길 37,1199,1246,1535,336 
서울특별시 양천구 곰달래로7길 7,1557,1922,2058,501 
서울특별시 양천구 국회대로 224,1981,2108,1739,-242 
서울특별시 양천구 남부순환로 297,1404,0,1369,-35 
서울특별시 양천구 남부순환로 328,1091,1131,1077,-14 
서울특별시 양천구 남부순환로 330,1358,1608,1554,196 
서울특별시 양천구 남부순환로 569,1209,1332,1337,128 
서울특별시 양천구 남부순환로 575,1299,1301,1379,80 
서울특별시 양천구 남부순환로 585,1152,1320,1306,154 
서울특별시 양천구 남부순환로 586,1148,1365,1412,264 
서울특별시 양천구 남부순환로31길 24,1097,0,1151,54 
서울특별시 양천구 남부순환로35길 16,1618,1398,1631,13 
서울특별시 양천구 남부순환로56길 15,1217,1379,1515,298 
서울특별시 양천구 남부순환로56길 9,1398,1360,1496,98 
서울특별시 양천구 남부순환로58길 24-16,1117,1193,1286,169 
서울특별시 양천구 남부순환로58길 24-8,1095,0,1564,469 
서울특별시 양천구 남부순환로59길 3,1405,1162,1263,-142 
서울특별시 양천구 남부순환로64길 23,1139,1267,1378,239 
서울특별시 양천구 남부순환로65길 6,1157,1295,1254,97 
서울특별시 양천구 남부순환로67길 15,1805,2128,2206,401 
서울특별시 양천구 남부순환로71길 6,1051,0,1177,126 
서울특별시 양천구 남부순환로73길 16,1198,0,1561,363 
서울특별시 양천구 남부순환로82길 2,1147,0,1388,241 
서울특별시 양천구 남부순환로85길 16,1703,2636,3301,1598 
서울특별시 양천구 등촌로 110,1715,1948,1920,205 
서울특별시 양천구 목동남로2길 60-30,2096,2330,3276,1180 
서울특별시 양천구 목동남로2길 60-7,2035,1405,2206,171 
서울특별시 양천구 목동남로4길 2,1485,2142,2160,675 
서울특별시 양천구 목동남로4길 20,1900,1924,3090,1190 
서울특별시 양천구 목동남로4길 6-23,1856,2086,2959,1103 
서울특별시 양천구 목동남로4길 81,2970,3022,4157,1187 
서울특별시 양천구 목동동로 10,4182,4423,5829,1647 
서울특별시 양천구 목동동로 100,4240,3853,5201,961 
서울특별시 양천구 목동동로 130,4200,4618,5659,1459 
서울특별시 양천구 목동동로 177,2200,2054,3277,1077 
서울특별시 양천구 목동동로 180,3254,3307,5406,2152 
서울특별시 양천구 목동동로 189,2194,2560,2898,704 
서울특별시 양천구 목동동로 202,3440,3770,4206,766 
서울특별시 양천구 목동동로 240,3595,4490,5442,1847 
서울특별시 양천구 목동동로 250,3125,3465,5160,2035 
서울특별시 양천구 목동동로 257,2780,3746,4927,2147 
서울특별시 양천구 목동동로 258,3386,3907,5054,1668 
서울특별시 양천구 목동동로 270,3129,3360,4448,1319 
서울특별시 양천구 목동동로 339,1708,1843,2529,821 
서울특별시 양천구 목동동로 350,5372,5578,5168,-204 
서울특별시 양천구 목동동로 385,1962,2477,2271,309 
서울특별시 양천구 목동동로 391,1876,1922,2199,323 
서울특별시 양천구 목동동로 393,1722,2054,3332,1610 
서울특별시 양천구 목동동로 401,2534,2664,3304,770 
서울특별시 양천구 목동동로 411,2713,2077,2944,231 
서울특별시 양천구 목동동로 430,5095,4950,7090,1995 
서울특별시 양천구 목동동로 50,4135,4280,5528,1393 
서울특별시 양천구 목동동로 53,1667,1784,1892,225 
서울특별시 양천구 목동동로10길 16-6,2615,2718,3661,1046 
서울특별시 양천구 목동동로10길 22,1934,1512,1992,58 
서울특별시 양천구 목동동로12길 23,3101,3534,4241,1140 
서울특별시 양천구 목동동로12길 38,1445,1610,1789,344 
서울특별시 양천구 목동동로12길 45,2807,3330,3751,944 
서울특별시 양천구 목동동로12길 60,2761,3560,4395,1634 
서울특별시 양천구 목동동로12길 9,2785,2857,3685,900 
서울특별시 양천구 목동동로14길 13,2251,2543,2547,296 
서울특별시 양천구 목동로 163,1961,1803,2163,202 
서울특별시 양천구 목동로 186,5372,5947,7333,1961 
서울특별시 양천구 목동로 212,5134,5972,7339,2205 
서울특별시 양천구 목동로 224,2720,1553,3731,1011 
서울특별시 양천구 목동로 230,2968,3387,3809,841 
서울특별시 양천구 목동로19길 10,1824,0,2549,725 
서울특별시 양천구 목동로25길 9,2130,2046,2599,469 
서울특별시 양천구 목동로29길 16,1670,1980,2524,854 
서울특별시 양천구 목동로29길 7,1989,2312,2841,852 
서울특별시 양천구 목동로9길 29,1852,1813,1911,59 
서울특별시 양천구 목동서로 100,4908,4515,5929,1021 
서울특별시 양천구 목동서로 130,5074,4978,6778,1704 
서울특별시 양천구 목동서로 234,3240,3751,5056,1816 
서울특별시 양천구 목동서로 236,3233,3755,4862,1629 
서울특별시 양천구 목동서로 264,2948,3805,4853,1905 
서울특별시 양천구 목동서로 280,4396,4784,6367,1971 
서울특별시 양천구 목동서로 340,3970,4157,5332,1362 
서울특별시 양천구 목동서로 38,4651,4778,5973,1322 
서울특별시 양천구 목동서로 397,1600,2261,2007,407 
서울특별시 양천구 목동서로 400,4162,3844,6229,2067 
서울특별시 양천구 목동서로 401,1809,2159,1913,104 
서울특별시 양천구 목동서로 65,1597,2266,2103,506 
서울특별시 양천구 목동서로 70,4438,4560,4982,544 
서울특별시 양천구 목동서로2길 16,2715,0,3713,998 
서울특별시 양천구 목동서로2길 22,3592,3737,4917,1325 
서울특별시 양천구 목동중앙남로 10,1892,2056,2520,628 
서울특별시 양천구 목동중앙남로 100,1864,2106,2522,658 
서울특별시 양천구 목동중앙남로 11-32,1269,0,1644,375 
서울특별시 양천구 목동중앙남로 12-3,2161,2588,2829,668 
서울특별시 양천구 목동중앙남로 21-15,1705,1589,2138,433 
서울특별시 양천구 목동중앙남로 46,1690,1709,2311,621 
서울특별시 양천구 목동중앙남로 51-18,1690,2078,2331,641 
서울특별시 양천구 목동중앙남로 80,1866,0,2185,319 
서울특별시 양천구 목동중앙남로 99,1283,0,1986,703 
서울특별시 양천구 목동중앙남로3가길 127,1465,0,1771,306 
서울특별시 양천구 목동중앙남로3가길 59,1747,2573,2686,939 
서울특별시 양천구 목동중앙남로3길 11,1880,1943,2504,624 
서울특별시 양천구 목동중앙남로4길 11-17,1414,1544,1161,-253 
서울특별시 양천구 목동중앙남로9길 31,1307,1340,1560,253 
서울특별시 양천구 목동중앙로 11,2536,2569,3630,1094 
서울특별시 양천구 목동중앙로 143,2861,3263,3732,871 
서울특별시 양천구 목동중앙로 47-10,2066,2499,2887,821 
서울특별시 양천구 목동중앙로 57,2283,2706,2603,320 
서울특별시 양천구 목동중앙로 67,2282,3193,4053,1771 
서울특별시 양천구 목동중앙로 79,2637,3209,3676,1039 
서울특별시 양천구 목동중앙로 85,1276,0,1802,526 
서울특별시 양천구 목동중앙로 9,2854,3145,4000,1146 
서울특별시 양천구 목동중앙로13다길 28,1442,0,1520,78 
서울특별시 양천구 목동중앙로3길 35,1947,0,1925,-22 
서울특별시 양천구 목동중앙로3길 42,1244,1733,1484,240 
서울특별시 양천구 목동중앙로5가길 31,1761,2170,2296,535 
서울특별시 양천구 목동중앙로7길 32,2042,2571,2709,667 
서울특별시 양천구 목동중앙본로 10,2441,2754,3162,721 
서울특별시 양천구 목동중앙본로 15,2556,2676,3343,787 
서울특별시 양천구 목동중앙본로 20,2369,2947,3418,1049 
서울특별시 양천구 목동중앙본로 34,2162,2156,2508,346 
서울특별시 양천구 목동중앙본로 48,1544,0,2223,679 
서울특별시 양천구 목동중앙본로 50-12,1785,2078,2219,434 
서울특별시 양천구 목동중앙본로 85,2088,2382,2412,324 
서울특별시 양천구 목동중앙본로19길 20,1248,1502,1292,44 
서울특별시 양천구 목동중앙본로1길 11,2003,2247,2928,925 
서울특별시 양천구 목동중앙본로1길 5,2447,2740,3093,646 
서울특별시 양천구 목동중앙본로22길 63,1610,1710,1884,274 
서울특별시 양천구 목동중앙본로28길 10,2070,1809,1907,-163 
서울특별시 양천구 목동중앙본로2길 45,1615,1682,1787,172 
서울특별시 양천구 목동중앙본로30가길 55,1356,0,1563,207 
서울특별시 양천구 목동중앙본로30길 54,1609,1799,2136,527 
서울특별시 양천구 목동중앙본로3길 7,1362,0,2074,712 
서울특별시 양천구 목동중앙본로5길 22,1421,1440,1654,233 
서울특별시 양천구 목동중앙본로7길 37-20,1905,1927,2473,568 
서울특별시 양천구 목동중앙본로7길 45,1520,1784,1960,440 
서울특별시 양천구 목동중앙북로 108,2022,2079,2198,176 
서울특별시 양천구 목동중앙북로 126,1508,1505,1728,220 
서울특별시 양천구 목동중앙북로 38,2615,3532,3361,746 
서울특별시 양천구 목동중앙북로 60,1209,0,1307,98 
서울특별시 양천구 목동중앙북로 7,1593,1904,3036,1443 
서울특별시 양천구 목동중앙북로10길 12-20,1941,2089,2427,486 
서울특별시 양천구 목동중앙북로16가길 47,1081,1559,1479,398 
서울특별시 양천구 목동중앙북로16길 85,1748,1978,1947,199 
서울특별시 양천구 목동중앙북로16길 93,1821,2065,2037,216 
서울특별시 양천구 목동중앙북로24길 65,1828,2540,2635,807 
서울특별시 양천구 목동중앙북로24길 83,1863,1999,2684,821 
서울특별시 양천구 목동중앙북로8가길 23,1311,0,1823,512 
서울특별시 양천구 목동중앙북로8길 111,1846,2181,2926,1080 
서울특별시 양천구 목동중앙서로 37,2282,3242,3268,986 
서울특별시 양천구 목동중앙서로11길 49-5,1876,2020,3307,1431 
서울특별시 양천구 신목로 16,2063,2301,3304,1241 
서울특별시 양천구 신목로 23,2229,2859,3352,1123 
서울특별시 양천구 신목로 43,2646,3301,4489,1843 
서울특별시 양천구 신목로 7,2318,3013,3792,1474 
서울특별시 양천구 신목로 77,2680,2718,3709,1029 
서울특별시 양천구 신목로 9,2028,2691,3255,1227 
서울특별시 양천구 신목로12길 17,2150,2872,3248,1098 
서울특별시 양천구 신목로12길 22,2889,3554,4557,1668 
서울특별시 양천구 신목로12길 5,2507,2273,3275,768 
서울특별시 양천구 신목로2길 11,2196,2136,3359,1163 
서울특별시 양천구 신목로5길 21,2159,0,2442,283 
서울특별시 양천구 신목로5길 9,2275,2605,3434,1159 
서울특별시 양천구 신월로 116,1316,1470,1419,103 
서울특별시 양천구 신월로 119,1334,1310,1525,191 
서울특별시 양천구 신월로 120,1357,0,1127,-230 
서울특별시 양천구 신월로 155,1389,0,1414,25 
서울특별시 양천구 신월로 181,1394,1613,2180,786 
서울특별시 양천구 신월로 203,1573,1820,1750,177 
서울특별시 양천구 신월로 220,1365,1657,1501,136 
서울특별시 양천구 신월로 99,1682,2240,3264,1582 
서울특별시 양천구 신월로11길 36,1477,1539,1714,237 
서울특별시 양천구 신월로13길 13,1482,1733,1959,477 
서울특별시 양천구 신월로15길 15,1190,0,1670,480 
서울특별시 양천구 신월로15길 21,1519,1953,2145,626 
서울특별시 양천구 신월로15길 25,1664,1803,1922,258 
서울특별시 양천구 신월로15길 7,1255,1259,1381,126 
서울특별시 양천구 신월로15길 9,1160,973,1174,14 
서울특별시 양천구 신월로17길 21,1099,1013,1508,409 
서울특별시 양천구 신월로17길 22,1438,1733,1676,238 
서울특별시 양천구 신월로20길 33,1638,2003,2213,575 
서울특별시 양천구 신월로20길 5-11,1116,0,1451,335 
서울특별시 양천구 신월로20길 7,2259,2531,3001,742 
서울특별시 양천구 신월로24길 28-6,1193,0,1226,33 
서울특별시 양천구 신월로9길 20,1271,1227,1186,-85 
서울특별시 양천구 신월로9길 36,1510,1362,1814,304 
서울특별시 양천구 신월로9길 37,1671,1764,1889,218 
서울특별시 양천구 신정로 110,1871,2136,2597,726 
서울특별시 양천구 신정로 170,1837,2106,2547,710 
서울특별시 양천구 신정로 225-12,1627,1942,2881,1254 
서울특별시 양천구 신정로 260,1868,2205,2989,1121 
서울특별시 양천구 신정로 290,2002,2607,3081,1079 
서울특별시 양천구 신정로 293,2072,2907,3296,1224 
서울특별시 양천구 신정로 300,1951,2400,2701,750 
서울특별시 양천구 신정로11길 20,1887,2327,2616,729 
서울특별시 양천구 신정로11길 63,1712,2313,2400,688 
서울특별시 양천구 신정로13길 35,1525,2134,2358,833 
서울특별시 양천구 신정로13길 38,1895,2252,2571,676 
서울특별시 양천구 신정로13길 50,2042,1964,2661,619 
서울특별시 양천구 신정로13길 51,1710,2262,3144,1434 
서울특별시 양천구 신정로14길 6,1780,2512,2736,956 
서울특별시 양천구 신정로7길 60-7,1712,2241,2390,678 
서울특별시 양천구 신정로7길 76,1810,2095,2358,548 
서울특별시 양천구 신정이펜1로 27,1726,2172,2301,575 
서울특별시 양천구 신정이펜1로 50,2200,2138,2316,116 
서울특별시 양천구 신정이펜1로 51,1969,2351,2331,362 
서울특별시 양천구 신정이펜1로 99,1814,2489,2364,550 
서울특별시 양천구 신정이펜2로 55,1801,1972,2312,511 
서울특별시 양천구 신정중앙로15길 5-15,1475,2018,2060,585 
서울특별시 양천구 신정중앙로17길 14,1540,0,2227,687 
서울특별시 양천구 신정중앙로21길 10,1635,2150,2880,1245 
서울특별시 양천구 오목로 160,1679,1995,2232,553 
서울특별시 양천구 오목로 166,1536,0,2409,873 
서울특별시 양천구 오목로 171,1733,1572,2124,391 
서울특별시 양천구 오목로 232,1787,2059,2351,564 
서울특별시 양천구 오목로 299,3590,3478,5536,1946 
서울특별시 양천구 오목로 300,3275,4337,4664,1389 
서울특별시 양천구 오목로 354,4398,4305,5979,1581 
서울특별시 양천구 오목로 39-22,1557,1771,2046,489 
서울특별시 양천구 오목로 46-6,1168,1133,1229,61 
서울특별시 양천구 오목로 76-1,1933,2068,2246,313 
서울특별시 양천구 오목로 76-2,1760,1571,2752,992 
서울특별시 양천구 오목로 88,1263,1886,1844,581 
서울특별시 양천구 오목로 90,1404,1819,1899,495 
서울특별시 양천구 오목로10길 11,1931,2235,1895,-36 
서울특별시 양천구 오목로10길 7-3,1079,1301,1285,206 
서울특별시 양천구 오목로10길 7-8,1584,2048,2432,848 
서울특별시 양천구 오목로11길 9-12,936,0,1238,302 
서울특별시 양천구 오목로13길 16-1,1147,0,1129,-18 
서울특별시 양천구 오목로13길 7,1608,2210,2029,421 
서울특별시 양천구 오목로15길 20-1,1473,1630,1696,223 
서울특별시 양천구 오목로17길 7,1620,1991,2113,493 
서울특별시 양천구 오목로19길 1,1705,1925,2041,336 
서울특별시 양천구 오목로1길 27,980,1214,1363,383 
서울특별시 양천구 오목로1길 35,1446,1845,2121,675 
서울특별시 양천구 오목로1길 45,1401,1344,1544,143 
서울특별시 양천구 오목로1길 46,1463,1832,1833,370 
서울특별시 양천구 오목로23길 31,1305,1638,1628,323 
서울특별시 양천구 오목로35길 2,1279,1270,1560,281 
서울특별시 양천구 오목로35길 5,1596,1986,2378,782 
서울특별시 양천구 오목로38길 16,1387,1787,1922,535 
서울특별시 양천구 오목로3길 17,1549,1790,2000,451 
서울특별시 양천구 오목로3길 24,1227,1130,1303,76 
서울특별시 양천구 오목로3길 32,1285,0,1421,136 
서울특별시 양천구 오목로3길 5-16,1071,0,1120,49 
서울특별시 양천구 오목로4길 7,1175,1260,1422,247 
서울특별시 양천구 오목로50길 17,2052,1970,2497,445 
서울특별시 양천구 오목로52길 19-1,1793,1989,1969,176 
서울특별시 양천구 오목로52길 23,1404,0,3125,1721 
서울특별시 양천구 오목로5길 19,2122,2411,2882,760 
서울특별시 양천구 오목로5길 20,1923,2273,2873,950 
서울특별시 양천구 오목로7길 25,1299,1552,1592,293 
서울특별시 양천구 오목로7길 35,1336,1520,1676,340 
서울특별시 양천구 월정로 21,1178,1413,1625,447 
서울특별시 양천구 월정로 214,1069,822,1326,257 
서울특별시 양천구 월정로 245,1378,1301,1432,54 
서울특별시 양천구 월정로 249,1248,1586,1721,473 
서울특별시 양천구 월정로 262,1447,1623,1799,352 
서울특별시 양천구 월정로 293,1451,1385,1530,79 
서울특별시 양천구 월정로 299,1622,1697,2010,388 
서울특별시 양천구 월정로 303,1622,2078,2218,596 
서울특별시 양천구 월정로 306,1530,1780,2292,762 
서울특별시 양천구 월정로 50,1187,1345,1364,177 
서울특별시 양천구 월정로7길 24,2090,2214,2063,-27 
서울특별시 양천구 월정로8길 8,1231,1272,1765,534 
서울특별시 양천구 월정로9길 17,1699,2222,2486,787 
서울특별시 양천구 월정로9길 20,1677,2223,2437,760 
서울특별시 양천구 은행정로 72,1394,0,1427,33 
서울특별시 양천구 은행정로 75,1470,1619,1703,233 
서울특별시 양천구 은행정로 98,1353,0,1570,217 
서울특별시 양천구 은행정로13길 3,2071,1959,2229,158 
서울특별시 양천구 은행정로4길 25,2485,3479,3107,622 
서울특별시 양천구 은행정로4길 6,1758,0,2007,249 
서울특별시 양천구 은행정로6길 6,1650,0,2301,651 
서울특별시 양천구 은행정로7길 14,1549,1702,2270,721 
서울특별시 양천구 중앙로 218,1610,1840,2055,445 
서울특별시 양천구 중앙로 286,3872,3531,3413,-459 
서울특별시 양천구 중앙로23길 12,1438,0,1282,-156 
서울특별시 양천구 중앙로23길 22,1439,0,2136,697 
서울특별시 양천구 중앙로29길 102,1810,2205,2646,836 
서울특별시 양천구 중앙로29길 108,1617,2477,2666,1049 
서울특별시 양천구 중앙로29길 120-11,1658,1845,2656,998 
서울특별시 양천구 중앙로29길 120-13,1234,2016,2016,782 
서울특별시 양천구 중앙로29길 55,1518,1715,2108,590 
서울특별시 양천구 중앙로29길 61,2360,2291,3545,1185 
서울특별시 양천구 중앙로29길 64,1204,0,2155,951 
서울특별시 양천구 중앙로32길 67,1580,0,1528,-52 
서울특별시 양천구 중앙로36길 15,3698,4400,5565,1867 
서울특별시 양천구 중앙로45길 28-12,1691,2313,2527,836 
서울특별시 양천구 중앙로45길 42,1689,2690,2146,457 
서울특별시 양천구 중앙로53길 5,1277,1287,1774,497 
서울특별시 양천구 중앙로55길 16,1240,1193,1383,143 
서울특별시 양천구 중앙로55길 25,1059,1427,1454,395 
서울특별시 양천구 중앙로55길 59,1429,2063,1767,338 
서울특별시 양천구 중앙로57길 46,1188,1072,1168,-20 
서울특별시 양천구 지양로 101,1110,1280,1504,394 
서울특별시 양천구 지양로15길 20,1101,1274,1504,403 
서울특별시 양천구 지양로15길 24,888,928,977,89 
서울특별시 양천구 지양로17길 1,844,0,1107,263 
서울특별시 양천구 지양로17길 5,988,0,1096,108 
서울특별시 양천구 지양로17길 9,977,1115,1287,310 
서울특별시 양천구 화곡로 85,1417,1631,1759,342 
서울특별시 양천구 화곡로3길 20-19,1189,1200,1561,372 
서울특별시 양천구 화곡로3길 31,1523,1460,1523,0 
서울특별시 양천구 화곡로3길 34,1326,1406,1884,558 
서울특별시 양천구 화곡로3길 43,1711,1829,2063,352 
서울특별시 양천구 화곡로4길 11,1533,1587,1697,164 
서울특별시 양천구 화곡로4길 3,1406,1693,1448,42 
서울특별시 양천구 화곡로5길 15,1417,1729,1813,396 
서울특별시 영등포구 63로 32,1755,2119,2238,483 
서울특별시 영등포구 63로 36,1819,1890,1875,56 
서울특별시 영등포구 63로 45,4108,4656,6164,2056 
서울특별시 영등포구 63로 7,2975,3259,4413,1438 
서울특별시 영등포구 가마산로 312,1562,2090,2198,636 
서울특별시 영등포구 가마산로 315,1593,1632,1676,83 
서울특별시 영등포구 가마산로 442,3478,3553,5293,1815 
서울특별시 영등포구 가마산로 468,2642,2410,2522,-120 
서울특별시 영등포구 가마산로 575,2716,3528,3482,766 
서울특별시 영등포구 가마산로50길 27,1775,2015,2351,576 
서울특별시 영등포구 가마산로79길 19,2331,3023,3881,1550 
서울특별시 영등포구 가마산로79길 7,2171,2959,3059,888 
서울특별시 영등포구 경인로 882,3460,3398,3407,-53 
서울특별시 영등포구 경인로112길 4-7,3726,3352,3742,16 
서울특별시 영등포구 경인로114가길 11-1,1923,2075,2228,305 
서울특별시 영등포구 경인로114가길 14,2574,2299,2905,331 
서울특별시 영등포구 경인로114길 62,2600,2665,2850,250 
서울특별시 영등포구 경인로77길 21,2150,2263,3464,1314 
서울특별시 영등포구 국제금융로 108-6,3583,3786,6452,2869 
서울특별시 영등포구 국제금융로 109,2878,3534,4300,1422 
서울특별시 영등포구 국제금융로 79,3044,3824,4494,1450 
서울특별시 영등포구 국제금융로 86,2480,2877,4030,1550 
서울특별시 영등포구 국제금융로7가길 21,3125,4090,4965,1840 
서울특별시 영등포구 국제금융로7길 1,3549,4869,4162,613 
서울특별시 영등포구 국제금융로7길 20,3628,4458,5114,1486 
서울특별시 영등포구 국제금융로7길 27,4100,4423,5206,1106 
서울특별시 영등포구 국제금융로7길 32,3036,3666,4352,1316 
서울특별시 영등포구 국회대로 552,2302,2795,3743,1441 
서울특별시 영등포구 국회대로 597,2450,3727,4601,2151 
서울특별시 영등포구 국회대로29길 13,2922,4513,4279,1357 
서울특별시 영등포구 국회대로29길 5,1981,2865,3173,1192 
서울특별시 영등포구 국회대로37길 22,2350,3368,3760,1410 
서울특별시 영등포구 국회대로53길 30,1880,2000,2732,852 
서울특별시 영등포구 국회대로54길 10,4124,4483,5410,1286 
서울특별시 영등포구 국회대로54길 27,1953,1933,2053,100 
서울특별시 영등포구 국회대로54길 65,3164,3090,2472,-692 
서울특별시 영등포구 국회대로55길 20,1711,1997,2299,588 
서울특별시 영등포구 국회대로55길 31,1561,1895,2828,1267 
서울특별시 영등포구 국회대로76가길 11,2218,2948,3860,1642 
서울특별시 영등포구 당산로 175,2284,2784,3294,1010 
서울특별시 영등포구 당산로 214,2835,3098,4262,1427 
서울특별시 영등포구 당산로 222,3237,3773,3988,751 
서울특별시 영등포구 당산로 68,2395,1546,3745,1350 
서울특별시 영등포구 당산로 95,2446,3070,3532,1086 
서울특별시 영등포구 당산로31길 32,2184,3322,3842,1658 
서울특별시 영등포구 당산로36길 12,2331,3562,4066,1735 
서울특별시 영등포구 당산로41길 23,2625,2929,3942,1317 
서울특별시 영등포구 당산로42길 13,2540,2571,5376,2836 
서울특별시 영등포구 당산로42길 16,2943,3741,4746,1803 
서울특별시 영등포구 당산로42길 7,2738,4179,4889,2151 
서울특별시 영등포구 당산로45길 7-3,2302,3307,3554,1252 
서울특별시 영등포구 당산로49길 11-4,4314,4253,4288,-26 
서울특별시 영등포구 당산로4길 12,2424,4019,3653,1229 
서울특별시 영등포구 당산로54길 11,2613,2990,3463,850 
서울특별시 영등포구 대림로 256,2158,2027,2442,284 
서울특별시 영등포구 대림로22길 29,1742,2240,2352,610 
서울특별시 영등포구 대림로22길 38,1447,1643,1825,378 
서울특별시 영등포구 대림로29길 13,2234,2225,2108,-126 
서울특별시 영등포구 대림로31길 39,1518,2007,2228,710 
서울특별시 영등포구 대림로34다길 14,950,1457,1449,499 
서울특별시 영등포구 대방천로 180,2732,3662,4150,1418 
서울특별시 영등포구 대방천로14길 32,2429,2911,2895,466 
서울특별시 영등포구 대방천로14길 34,2171,2441,2547,376 
서울특별시 영등포구 대방천로14길 8,2480,3075,3590,1110 
서울특별시 영등포구 도림로 187,1976,2337,2852,876 
서울특별시 영등포구 도림로 313,2256,2929,3274,1018 
서울특별시 영등포구 도림로 365,1878,3276,2827,949 
서울특별시 영등포구 도림로 456,2371,2606,2995,624 
서울특별시 영등포구 도림로 464,2598,2838,3693,1095 
서울특별시 영등포구 도림로143길 27,2232,2330,2834,602 
서울특별시 영등포구 도림로143길 32,2068,2408,2796,728 
서울특별시 영등포구 도림로145길 28,2047,2621,2698,651 
서울특별시 영등포구 도림로47길 1,1734,2209,2280,546 
서울특별시 영등포구 도림로54길 14,2273,1698,2061,-212 
서울특별시 영등포구 도림천로 391,1613,1749,1944,331 
서울특별시 영등포구 도림천로 431,2080,2488,2898,818 
서울특별시 영등포구 도림천로19길 12,2683,2758,2671,-12 
서울특별시 영등포구 도신로 100,1961,2505,2546,585 
서울특별시 영등포구 도신로 31,2181,3447,3390,1209 
서울특별시 영등포구 도신로 68,2433,2984,3989,1556 
서울특별시 영등포구 도신로15라길 5-7,1924,2310,2245,321 
서울특별시 영등포구 도신로29길 28,2577,4131,3798,1221 
서울특별시 영등포구 도신로48길 35,2100,2518,3187,1087 
서울특별시 영등포구 도신로4길 14,1719,2130,2322,603 
서울특별시 영등포구 도신로4길 6,1733,2118,2327,594 
서울특별시 영등포구 도영로 2-5,2248,3054,3157,909 
서울특별시 영등포구 도영로 66,2619,3340,4358,1739 
서울특별시 영등포구 도영로7길 7,2304,2331,2182,-122 
서울특별시 영등포구 디지털로 420,2628,2832,3168,540 
서울특별시 영등포구 디지털로64길 15-9,1579,0,2030,451 
서울특별시 영등포구 디지털로69길 12,1873,2474,2273,400 
서울특별시 영등포구 디지털로69길 13,1933,1729,1930,-3 
서울특별시 영등포구 문래로 137,2618,3185,3825,1207 
서울특별시 영등포구 문래로 191,4309,4309,4091,-218 
서울특별시 영등포구 문래로 82,2177,2942,3724,1547 
서울특별시 영등포구 문래로 94-7,2467,3222,3601,1134 
서울특별시 영등포구 문래로20길 14,2603,3341,3322,719 
서울특별시 영등포구 문래로4길 14,2070,2524,2922,852 
서울특별시 영등포구 문래로4길 26,2211,2805,3024,813 
서울특별시 영등포구 문래로4길 6,2194,2922,2916,722 
서울특별시 영등포구 문래로8길 5,2372,2866,3362,990 
서울특별시 영등포구 문래북로 108,2642,3011,3497,855 
서울특별시 영등포구 문래북로 22,1942,2330,2563,621 
서울특별시 영등포구 버드나루로 116,2874,2335,2816,-58 
서울특별시 영등포구 버드나루로 130,3125,3131,4030,905 
서울특별시 영등포구 버드나루로 85,2527,2527,2429,-98 
서울특별시 영등포구 버드나루로12가길 13,2118,2332,2702,584 
서울특별시 영등포구 버드나루로15길 11,1832,0,2357,525 
서울특별시 영등포구 버드나루로16길 5,1550,0,1173,-377 
서울특별시 영등포구 버드나루로17길 2,3028,3004,3014,-14 
서울특별시 영등포구 버드나루로22길 5,1963,2074,2281,318 
서울특별시 영등포구 버드나루로22길 7,2080,3227,3249,1169 
서울특별시 영등포구 버드나루로5길 8,2947,2504,2755,-192 
서울특별시 영등포구 선유동2로 23,2026,2654,2888,862 
서울특별시 영등포구 선유동2로 29,2190,2643,3181,991 
서울특별시 영등포구 선유동2로 56,2787,2718,3466,679 
서울특별시 영등포구 선유로 172,2082,2631,2658,576 
서울특별시 영등포구 선유로 207,2405,2914,3442,1037 
서울특별시 영등포구 선유로 33,2016,2749,2884,868 
서울특별시 영등포구 선유로 49,1817,2312,2422,605 
서울특별시 영등포구 선유로33길 22,2081,2837,3195,1114 
서울특별시 영등포구 선유로33길 23,2060,2137,3356,1296 
서울특별시 영등포구 선유로42길 6,2571,2507,3317,746 
서울특별시 영등포구 선유로43가길 24,2166,3231,2885,719 
서울특별시 영등포구 선유로47길 34,2416,2970,3577,1161 
서울특별시 영등포구 선유로9길 31,1544,0,1656,112 
서울특별시 영등포구 선유로9나길 5,2765,3360,3658,893 
서울특별시 영등포구 선유로9나길 8,1923,2360,2744,821 
서울특별시 영등포구 선유서로 115,1876,2996,2096,220 
서울특별시 영등포구 선유서로 116,2423,2736,3314,891 
서울특별시 영등포구 선유서로 31,2174,2002,2668,494 
서울특별시 영등포구 선유서로 40,2240,3138,3012,772 
서울특별시 영등포구 선유서로 43,2012,1843,3379,1367 
서울특별시 영등포구 선유서로 6,1589,2041,2340,751 
서울특별시 영등포구 선유서로 91,1894,0,3536,1642 
서울특별시 영등포구 선유서로21길 19,2069,2548,2990,921 
서울특별시 영등포구 선유서로21길 30,2169,2591,3081,912 
서울특별시 영등포구 선유서로26길 23,2021,0,2684,663 
서울특별시 영등포구 선유서로34길 6,2080,2737,3511,1431 
서울특별시 영등포구 선유서로9길 5,1771,2199,2335,564 
서울특별시 영등포구 시흥대로 589-8,2106,2596,2202,96 
서울특별시 영등포구 시흥대로 609,1908,2146,2537,629 
서울특별시 영등포구 시흥대로173길 13,2137,2691,3012,875 
서울특별시 영등포구 시흥대로187길 12,1643,2761,2689,1046 
서울특별시 영등포구 신길로 108,2973,3876,4923,1950 
서울특별시 영등포구 신길로 119,2300,3199,3637,1337 
서울특별시 영등포구 신길로 214,1902,2258,2522,620 
서울특별시 영등포구 신길로23길 20,2437,3630,3305,868 
서울특별시 영등포구 신길로42가길 34,1853,2000,2444,591 
서울특별시 영등포구 신길로42길 35,2392,2192,2442,50 
서울특별시 영등포구 신길로60나길 9,2396,3788,3124,728 
서울특별시 영등포구 신풍로 77,3340,4074,5758,2418 
서울특별시 영등포구 신풍로 93,2709,3534,3621,912 
서울특별시 영등포구 양산로 177,2727,3064,3898,1171 
서울특별시 영등포구 양산로 214,1697,2917,2701,1004 
서울특별시 영등포구 양산로 56,2131,2326,3024,893 
서울특별시 영등포구 양산로17길 22,2391,3274,3344,953 
서울특별시 영등포구 양산로25길 12,3314,3912,4335,1021 
서울특별시 영등포구 양산로25길 16,3678,4193,4701,1023 
서울특별시 영등포구 양산로25길 8,3682,3928,4721,1039 
서울특별시 영등포구 양평로 57,2548,3303,3496,948 
서울특별시 영등포구 양평로17길 36,2101,2612,2748,647 
서울특별시 영등포구 양평로17길 9,2226,2647,3140,914 
서울특별시 영등포구 양평로23길 18,1423,1299,3232,1809 
서울특별시 영등포구 양평로24길 9,2463,2761,3516,1053 
서울특별시 영등포구 양평로28가길 44,2288,1895,2841,553 
서울특별시 영등포구 양평로30가길 15,2158,2295,2906,748 
서울특별시 영등포구 양평로30길 51,1871,2600,3257,1386 
서울특별시 영등포구 여의나루로 121,5022,5661,6870,1848 
서울특별시 영등포구 여의나루로 126,4040,4404,5868,1828 
서울특별시 영등포구 여의나루로 7,3758,3849,4448,690 
서울특별시 영등포구 여의대로6길 17,4292,3797,5638,1346 
서울특별시 영등포구 여의대방로 25,2388,3257,2442,54 
서울특별시 영등포구 여의대방로 45,2306,3274,4365,2059 
서울특별시 영등포구 여의대방로 99-3,1434,0,1782,348 
서울특별시 영등포구 여의대방로29길 10,1957,0,2695,738 
서울특별시 영등포구 여의대방로29길 9,1945,0,2918,973 
서울특별시 영등포구 여의대방로43나길 25,2634,2820,3495,861 
서울특별시 영등포구 여의대방로43라길 9,2575,2657,2814,239 
서울특별시 영등포구 여의대방로5길 6,2597,3513,3808,1211 
서울특별시 영등포구 여의대방로61길 19,1967,2658,3137,1170 
서울특별시 영등포구 여의대방로61길 5-2,2009,3348,3720,1711 
서울특별시 영등포구 여의대방로61길 50,2839,3183,2546,-293 
서울특별시 영등포구 여의대방로61길 6,1863,2348,2761,898 
서울특별시 영등포구 여의대방로9길 5,1730,1931,2281,551 
서울특별시 영등포구 여의동로 143,2914,3191,3784,870 
서울특별시 영등포구 여의동로 213,2954,3479,4291,1337 
서울특별시 영등포구 여의동로 97,2643,3677,3451,808 
서울특별시 영등포구 여의동로3길 10,3229,3911,4094,865 
서울특별시 영등포구 영등포로 106,2517,2912,3089,572 
서울특별시 영등포구 영등포로 17,1770,2168,2638,868 
서울특별시 영등포구 영등포로 351,1937,3027,3123,1186 
서울특별시 영등포구 영등포로 390,3256,3373,2891,-365 
서울특별시 영등포구 영등포로 49,1672,2132,2706,1034 
서울특별시 영등포구 영등포로12길 7,2059,1950,3210,1151 
서울특별시 영등포구 영등포로12길 8,2529,3161,3824,1295 
서울특별시 영등포구 영등포로20길 20,1995,2122,2631,636 
서울특별시 영등포구 영등포로28길 5,2395,2608,3066,671 
서울특별시 영등포구 영등포로3길 9,2500,2299,3374,874 
서울특별시 영등포구 영등포로62길 42,1860,2138,2410,550 
서울특별시 영등포구 영등포로64길 11,2146,2493,2991,845 
서울특별시 영등포구 영등포로64길 8,2056,2781,2836,780 
서울특별시 영등포구 영등포로84길 42,1854,0,2807,953 
서울특별시 영등포구 영등포로86길 32,1691,0,1717,26 
서울특별시 영등포구 영신로 191,2365,3030,3028,663 
서울특별시 영등포구 영신로 193,2270,2972,3539,1269 
서울특별시 영등포구 영신로 237,3844,4621,5336,1492 
서울특별시 영등포구 영신로19길 13,1345,1862,1901,556 
서울특별시 영등포구 영신로25길 8,2205,1440,2689,484 
서울특별시 영등포구 영신로33길 3,2722,3767,3792,1070 
서울특별시 영등포구 영신로55길 8,2641,3141,3888,1247 
서울특별시 영등포구 영신로57길 5,2568,3010,3827,1259 
서울특별시 영등포구 영중로 120,3420,3406,3365,-55 
서울특별시 영등포구 영중로 145,2582,3286,4171,1589 
서울특별시 영등포구 영중로 154,2327,3079,5224,2897 
서울특별시 영등포구 영중로6길 12,2756,2927,2927,171 
서울특별시 영등포구 의사당대로 110,3611,4100,5388,1777 
서울특별시 영등포구 의사당대로 127,2231,2314,3468,1237 
서울특별시 용산구 녹사평대로 245,2525,2706,3312,787 
서울특별시 용산구 녹사평대로 250-1,1829,2212,3170,1341 
서울특별시 용산구 녹사평대로 254,3635,2759,5948,2313 
서울특별시 용산구 녹사평대로 286,3898,4095,5151,1253 
서울특별시 용산구 녹사평대로42길 27,2225,1770,2095,-130 
서울특별시 용산구 대사관로 23,3040,0,3613,573 
서울특별시 용산구 대사관로11길 21,3119,2732,4594,1475 
서울특별시 용산구 대사관로24길 8,2917,3083,3303,386 
서울특별시 용산구 대사관로7길 5,2651,3167,3446,795 
서울특별시 용산구 대사관로8길 9,4796,0,6563,1767 
서울특별시 용산구 독서당로 111,7945,7642,6888,-1057 
서울특별시 용산구 독서당로 22,2993,4290,4677,1684 
서울특별시 용산구 독서당로 46,4400,4960,5150,750 
서울특별시 용산구 독서당로 70,2250,2459,3799,1549 
서울특별시 용산구 독서당로 73,1638,2592,3062,1424 
서울특별시 용산구 독서당로 73-4,2342,2837,4146,1804 
서울특별시 용산구 독서당로34길 22,3799,3966,4992,1193 
서울특별시 용산구 독서당로6길 16,3114,3620,4496,1382 
서울특별시 용산구 백범로 250,2991,4259,4077,1086 
서울특별시 용산구 백범로 260,4098,5396,5805,1707 
서울특별시 용산구 백범로 341,2660,3734,3358,698 
서울특별시 용산구 백범로 346,2555,3147,3844,1289 
서울특별시 용산구 백범로45길 21-26,1630,0,2165,535 
서울특별시 용산구 백범로45길 9-10,1321,0,1894,573 
서울특별시 용산구 백범로45길 9-11,2290,3224,4098,1808 
서울특별시 용산구 백범로51길 23,2018,2630,1847,-171 
서울특별시 용산구 백범로79다길 35,1852,0,2848,996 
서울특별시 용산구 백범로90길 12,4845,5124,4990,145 
서울특별시 용산구 백범로90길 26,2472,3612,4027,1555 
서울특별시 용산구 백범로90길 38,4086,4250,4098,12 
서울특별시 용산구 백범로90길 74,2915,2912,4762,1847 
서울특별시 용산구 백범로90길 90,3303,4124,4752,1449 
서울특별시 용산구 백범로90다길 12,2642,3598,3600,958 
서울특별시 용산구 백범로90라길 28,2442,3324,3652,1210 
서울특별시 용산구 보광로 14,4449,4974,6062,1613 
서울특별시 용산구 보광로5길 40,3407,4401,5367,1960 
서울특별시 용산구 보광로7길 55,3681,0,5563,1882 
서울특별시 용산구 삼개로 60,2537,3091,2976,439 
서울특별시 용산구 새창로 70,2902,3766,4364,1462 
서울특별시 용산구 새창로12길 11-7,911,2042,1385,474 
서울특별시 용산구 새창로8길 157,2517,3386,3903,1386 
서울특별시 용산구 서빙고로 31,3990,3577,4480,490 
서울특별시 용산구 서빙고로 35,4256,3901,4848,592 
서울특별시 용산구 서빙고로 413,3223,3838,4309,1086 
서울특별시 용산구 서빙고로 417,3624,0,4580,956 
서울특별시 용산구 서빙고로 48,4415,0,6239,1824 
서울특별시 용산구 서빙고로 67,4447,4925,5497,1050 
서울특별시 용산구 서빙고로 69,4114,5813,6259,2145 
서울특별시 용산구 서빙고로51길 64,3503,4842,4815,1312 
서울특별시 용산구 서빙고로51길 68-14,3102,4584,4947,1845 
서울특별시 용산구 서빙고로97길 2-7,3440,0,4672,1232 
서울특별시 용산구 신흥로2길 58,2042,2271,2452,410 
서울특별시 용산구 우사단로10길 39-96,4649,5268,8312,3663 
서울특별시 용산구 원효로 129,3334,3928,4686,1352 
서울특별시 용산구 원효로 166,1903,1570,2397,494 
서울특별시 용산구 원효로 216,3752,5523,4894,1142 
서울특별시 용산구 원효로 251,3559,4163,5116,1557 
서울특별시 용산구 원효로 40,3154,4419,5360,2206 
서울특별시 용산구 원효로 66,3787,4790,6102,2315 
서울특별시 용산구 원효로90길 11,3788,5218,5333,1545 
서울특별시 용산구 유엔빌리지길 11,3404,3750,4157,753 
서울특별시 용산구 유엔빌리지길 200-16,4146,5024,4582,436 
서울특별시 용산구 이촌로 1,2989,3473,3477,488 
서울특별시 용산구 이촌로 100-8,3676,4046,4695,1019 
서울특별시 용산구 이촌로 104,2500,3071,3910,1410 
서울특별시 용산구 이촌로 156,2487,4064,4886,2399 
서울특별시 용산구 이촌로 174,4226,3924,5559,1333 
서울특별시 용산구 이촌로 177,3463,0,4815,1352 
서울특별시 용산구 이촌로 181,4721,5492,4552,-169 
서울특별시 용산구 이촌로 192,2278,2364,3199,921 
서울특별시 용산구 이촌로 193,4454,4257,6209,1755 
서울특별시 용산구 이촌로 201,5215,5856,7164,1949 
서울특별시 용산구 이촌로 248,7311,7121,8027,716 
서울특별시 용산구 이촌로 260,3773,4786,4944,1171 
서울특별시 용산구 이촌로 303,3060,4079,4835,1775 
서울특별시 용산구 이촌로 310,5747,8894,7445,1698 
서울특별시 용산구 이촌로 324-10,3566,4086,5330,1764 
서울특별시 용산구 이촌로 347,3867,4447,6175,2308 
서울특별시 용산구 이촌로14길 7,4078,4311,4738,660 
서울특별시 용산구 이촌로18길 3-7,3386,3902,3973,587 
서울특별시 용산구 이촌로29길 21-7,3534,4543,4854,1320 
서울특별시 용산구 이촌로2가길 122,4264,4243,5851,1587 
서울특별시 용산구 이촌로2가길 66,5140,5486,6026,886 
서울특별시 용산구 이촌로34길 10,2726,4125,4295,1569 
서울특별시 용산구 이촌로34길 29,4346,5209,5724,1378 
서울특별시 용산구 이촌로46길 2,1956,2934,3139,1183 
서울특별시 용산구 이촌로54길 16,1633,1955,1560,-73 
서울특별시 용산구 이촌로62길 14,4661,4972,3822,-839 
서울특별시 용산구 이촌로62길 9,2213,2545,2850,637 
서울특별시 용산구 이촌로64길 15,4376,4966,6113,1737 
서울특별시 용산구 이촌로64길 20,1744,0,2423,679 
서울특별시 용산구 이촌로64길 61,2852,3355,3271,419 
서울특별시 용산구 이촌로65가길 23,4248,4449,7164,2916 
서울특별시 용산구 이촌로65가길 3,3518,5592,4109,591 
서울특별시 용산구 이촌로65가길 51,5217,4960,7467,2250 
서울특별시 용산구 이촌로65길 8,4777,5897,7247,2470 
서울특별시 용산구 이촌로69길 30,5332,5703,6558,1226 
서울특별시 용산구 이촌로71길 10,4294,5690,6292,1998 
서울특별시 용산구 이촌로75길 6,2285,3339,3339,1054 
서울특별시 용산구 이촌로87길 13,4406,4824,4896,490 
서울특별시 용산구 이촌로87길 14,4843,4633,6810,1967 
서울특별시 용산구 이촌로87길 21,4326,4965,5940,1614 
서울특별시 용산구 이촌로88길 15,4508,4489,5313,805 
서울특별시 용산구 이촌로88길 3,1956,2657,2250,294 
서울특별시 용산구 이촌로88길 30,4094,5162,4648,554 
서울특별시 용산구 이촌로89길 32,4728,5060,6813,2085 
서울특별시 용산구 이태원로 217,2624,2410,3205,581 
서울특별시 용산구 이태원로20길 31,3266,4144,4385,1119 
서울특별시 용산구 장문로 141,3208,4172,5834,2626 
서울특별시 용산구 장문로 27,3732,4351,4033,301 
서울특별시 용산구 장문로 30,3132,0,3172,40 
서울특별시 용산구 장문로9가길 19,2313,0,2111,-202 
서울특별시 용산구 장문로9길 65,2787,0,3038,251 
서울특별시 용산구 청파로 201-17,3749,4997,5422,1673 
서울특별시 용산구 청파로 205-26,3103,0,3800,697 
서울특별시 용산구 청파로 213,2578,3180,3814,1236 
서울특별시 용산구 청파로20길 9,2145,2338,2848,703 
서울특별시 용산구 청파로47나길 45-37,1775,2088,2474,699 
서울특별시 용산구 한강대로 205,3316,4098,4693,1377 
서울특별시 용산구 한강대로 211,2930,3158,4063,1133 
서울특별시 용산구 한강대로 26,2859,3394,3888,1029 
서울특별시 용산구 한강대로 372,2692,3188,3466,774 
서울특별시 용산구 한강대로 69,4329,5086,5456,1127 
서울특별시 용산구 한강대로 95,4444,5611,5416,972 
서울특별시 용산구 한강대로102다길 26,2705,3380,3145,440 
서울특별시 용산구 한강대로104마길 30,2775,3000,4682,1907 
서울특별시 용산구 한강대로10길 14,3767,3806,5260,1493 
서울특별시 용산구 한강대로14길 37,3883,3648,4919,1036 
서울특별시 용산구 한강대로30길 25,4548,5379,6591,2043 
서울특별시 용산구 한강대로43길 13,3565,3686,4483,918 
서울특별시 용산구 한강대로43길 8,3038,4389,4461,1423 
서울특별시 용산구 한강대로53길 16,3270,4424,5086,1816 
서울특별시 용산구 한강대로62길 32,3078,3394,4219,1141 
서울특별시 용산구 한남대로 60,3658,4642,4835,1177 
서울특별시 용산구 한남대로27길 42,3557,0,5248,1691 
서울특별시 용산구 한남대로27길 60,4051,4985,5570,1519 
서울특별시 용산구 회나무로13가길 6,2002,0,2161,159 
서울특별시 용산구 효창원로 157,1537,2116,2246,709 
서울특별시 용산구 효창원로 17,2729,3387,4353,1624 
서울특별시 용산구 효창원로 88,2662,4845,4077,1415 
서울특별시 용산구 효창원로15길 16,2537,2774,4197,1660 
서울특별시 용산구 효창원로69길 57,1336,2588,3108,1772 
서울특별시 용산구 효창원로70길 10,2042,1964,2513,471 
서울특별시 용산구 효창원로70길 18,2138,2099,1944,-194 
서울특별시 용산구 효창원로70길 19,2644,2372,3374,730 
서울특별시 용산구 효창원로70길 26,1792,2026,2435,643 
서울특별시 용산구 효창원로70길 34,1446,0,1705,259 
서울특별시 용산구 효창원로72길 29,1843,2137,2372,529 
서울특별시 용산구 효창원로72길 42,1519,2017,1846,327 
서울특별시 용산구 효창원로76길 7,1479,1595,1776,297 
서울특별시 용산구 효창원로8길 16,1741,2438,2718,977 
서울특별시 용산구 효창원로93길 14,1361,0,2945,1584 
서울특별시 용산구 후암로 65,2197,2417,2655,458 
서울특별시 용산구 후암로 71,1970,2174,2592,622 
서울특별시 용산구 후암로 71-1,2832,3073,4100,1268 
서울특별시 용산구 후암로16나길 23,2018,1818,1924,-94 
서울특별시 용산구 후암로28길 29,1540,1747,1822,282 
서울특별시 용산구 후암로28다길 7-5,1911,0,2221,310 
서울특별시 용산구 후암로34길 31-17,1597,0,2603,1006 
서울특별시 은평구 가좌로 295,1586,0,1626,40 
서울특별시 은평구 가좌로 319,2837,0,3334,497 
서울특별시 은평구 가좌로 330,2747,2890,2757,10 
서울특별시 은평구 가좌로 341,1908,2070,2129,221 
서울특별시 은평구 가좌로 342,1216,1486,1536,320 
서울특별시 은평구 가좌로 344,1377,1556,1715,338 
서울특별시 은평구 가좌로 391,1420,1741,1723,303 
서울특별시 은평구 가좌로11가길 12-4,1306,1374,1770,464 
서울특별시 은평구 가좌로12길 12,1380,1353,1415,35 
서울특별시 은평구 가좌로12길 15,1844,2524,2718,874 
서울특별시 은평구 가좌로7나길 30,1170,1198,1629,459 
서울특별시 은평구 가좌로7나길 35,1418,1473,1588,170 
서울특별시 은평구 갈현로 100,1090,0,1546,456 
서울특별시 은평구 갈현로 232,997,0,1456,459 
서울특별시 은평구 갈현로 300,2500,2460,2789,289 
서울특별시 은평구 갈현로11길 46,1479,1384,1872,393 
서울특별시 은평구 갈현로11길 7,944,830,984,40 
서울특별시 은평구 갈현로12길 23,1380,0,1440,60 
서울특별시 은평구 갈현로12길 7,1380,1322,1159,-221 
서울특별시 은평구 갈현로15길 43,867,947,908,41 
서울특별시 은평구 갈현로15길 46,867,0,816,-51 
서울특별시 은평구 갈현로15길 53,1000,925,1244,244 
서울특별시 은평구 갈현로16길 16,903,1030,1084,181 
서울특별시 은평구 갈현로17길 17,1613,1788,2041,428 
서울특별시 은평구 갈현로17길 30,1257,0,1431,174 
서울특별시 은평구 갈현로1길 28,985,1378,1455,470 
서울특별시 은평구 갈현로1길 28-1,1453,0,1465,12 
서울특별시 은평구 갈현로1길 31,2093,2275,2498,405 
서울특별시 은평구 갈현로1길 36,1732,2135,2351,619 
서울특별시 은평구 갈현로23길 41,1291,1220,1220,-71 
서울특별시 은평구 갈현로29길 11,1602,1827,1719,117 
서울특별시 은평구 갈현로29길 52,1484,1390,1526,42 
서울특별시 은평구 갈현로29길 61,1336,1251,1418,82 
서울특별시 은평구 갈현로29길 62,1632,1904,1891,259 
서울특별시 은평구 갈현로2가길 1-1,1519,0,1493,-26 
서울특별시 은평구 갈현로33길 24,1615,2050,1793,178 
서울특별시 은평구 갈현로36길 15,1779,0,2065,286 
서울특별시 은평구 갈현로37길 59,1430,1830,2127,697 
서울특별시 은평구 갈현로37길 63,1222,1636,2454,1232 
서울특별시 은평구 갈현로37길 64,1363,0,2733,1370 
서울특별시 은평구 갈현로3나길 22,2136,2426,2251,115 
서울특별시 은평구 갈현로3나길 23,1477,1651,2244,767 
서울특별시 은평구 갈현로3다길 1-14,1157,0,1257,100 
서울특별시 은평구 갈현로3다길 15,1264,1322,1658,394 
서울특별시 은평구 갈현로45길 57,1212,1334,1265,53 
서울특별시 은평구 갈현로4길 26-5,1916,1899,1437,-479 
서울특별시 은평구 갈현로5길 25-11,1602,1307,1392,-210 
서울특별시 은평구 갈현로5길 26,1087,0,1295,208 
서울특별시 은평구 갈현로5길 29-23,855,0,1425,570 
서울특별시 은평구 갈현로7길 56,1525,1764,1797,272 
서울특별시 은평구 녹번로 40,1402,1568,1722,320 
서울특별시 은평구 녹번로 6-28,1572,1755,1756,184 
서울특별시 은평구 녹번로 6-29,1764,1716,1864,100 
서울특별시 은평구 백련산로 127,1546,1252,1784,238 
서울특별시 은평구 백련산로 146,1865,2603,2414,549 
서울특별시 은평구 백련산로 160,2021,2224,2709,688 
서울특별시 은평구 백련산로 173,1320,1335,1400,80 
서울특별시 은평구 백련산로 36,2162,2575,3114,952 
서울특별시 은평구 백련산로 37,2431,2711,3359,928 
서울특별시 은평구 백련산로 38,2194,2564,3253,1059 
서울특별시 은평구 백련산로 6,1305,1885,2274,969 
서울특별시 은평구 백련산로 84,2029,2185,2653,624 
서울특별시 은평구 백련산로 91-5,1396,0,1618,222 
서울특별시 은평구 백련산로14길 1,1665,0,1882,217 
서울특별시 은평구 백련산로2길 19,2153,2419,3057,904 
서울특별시 은평구 불광로 122-10,2422,3164,3271,849 
서울특별시 은평구 불광로 153,1398,1535,1901,503 
서울특별시 은평구 불광로 156,1560,1786,2024,464 
서울특별시 은평구 불광로 170,2073,1603,2488,415 
서울특별시 은평구 불광로 208,1950,1710,1975,25 
서울특별시 은평구 불광로 40-9,2009,2207,2384,375 
서울특별시 은평구 불광로 64,1951,3741,3904,1953 
서울특별시 은평구 불광로 9-1,3375,3422,3227,-148 
서울특별시 은평구 불광로 90,1346,1832,2232,886 
서울특별시 은평구 불광로 98-8,1322,1566,2288,966 
서울특별시 은평구 불광로10길 20,1384,0,1232,-152 
서울특별시 은평구 불광로13가길 7-3,1997,1785,2543,546 
서울특별시 은평구 불광로14길 20,1513,0,1392,-121 
서울특별시 은평구 불광로18가길 18,882,831,1221,339 
서울특별시 은평구 불광로1길 12,2480,2431,2476,-4 
서울특별시 은평구 불광로1길 2-4,3288,0,1601,-1687 
서울특별시 은평구 불광로1길 2-6,2543,2576,2351,-192 
서울특별시 은평구 불광로1길 4,2149,2562,2800,651 
서울특별시 은평구 불광로1길 9,2178,2241,2273,95 
서울특별시 은평구 불광로2길 16,2310,2815,2873,563 
서울특별시 은평구 불광로2길 33,2419,3200,2949,530 
서울특별시 은평구 불광로2길 7,2495,3191,3576,1081 
서울특별시 은평구 불광로6길 20,1241,1590,1558,317 
서울특별시 은평구 불광로6길 4,1651,1192,1322,-329 
서울특별시 은평구 불광천길 502,1675,1333,2092,417 
서울특별시 은평구 불광천길 520,1537,1495,1578,41 
서울특별시 은평구 불광천길 536,1670,1767,1878,208 
서울특별시 은평구 서오릉로 102,2605,2566,2613,8 
서울특별시 은평구 서오릉로 181,1247,1238,1493,246 
서울특별시 은평구 서오릉로 228,1343,1296,1364,21 
서울특별시 은평구 서오릉로 258,1322,1426,1457,135 
서울특별시 은평구 서오릉로 46,1824,1965,2486,662 
서울특별시 은평구 서오릉로 94,1833,1666,1974,141 
서울특별시 은평구 서오릉로18길 33-14,1012,0,1180,168 
서울특별시 은평구 서오릉로20길 17,1109,1048,1029,-80 
서울특별시 은평구 서오릉로20길 5-10,892,1250,1274,382 
서울특별시 은평구 서오릉로21길 20,1157,1010,1410,253 
서울특별시 은평구 서오릉로21길 36,1392,1411,1642,250 
서울특별시 은평구 서오릉로21길 47,1400,1712,1852,452 
서울특별시 은평구 서오릉로21길 48,1521,1874,1470,-51 
서울특별시 은평구 서오릉로23길 9-8,1166,1278,1398,232 
서울특별시 은평구 서오릉로27길 26-6,898,0,879,-19 
서울특별시 은평구 서오릉로2길 9,2058,2132,2228,170 
서울특별시 은평구 서오릉로4길 7-8,1434,2003,1842,408 
서울특별시 은평구 수색로 217,1835,2484,2646,811 
서울특별시 은평구 수색로 217-1,1942,2706,1704,-238 
서울특별시 은평구 수색로18길 19-8,2254,0,3434,1180 
서울특별시 은평구 역말로 37-6,1326,0,1248,-78 
서울특별시 은평구 역말로 84-8,1054,0,1400,346 
서울특별시 은평구 역말로4길 18,1414,1520,1670,256 
서울특별시 은평구 연서로 1,1916,2393,2852,936 
서울특별시 은평구 연서로 107,1462,1667,1373,-89 
서울특별시 은평구 연서로 108-6,1316,0,1270,-46 
서울특별시 은평구 연서로 14,2130,2094,2301,171 
서울특별시 은평구 연서로 14-1,1560,0,1822,262 
서울특별시 은평구 연서로 149,1633,2166,2134,501 
서울특별시 은평구 연서로 22,1274,1282,2120,846 
서울특별시 은평구 연서로 28,1292,1385,1619,327 
서울특별시 은평구 연서로 455,2187,2527,2746,559 
서울특별시 은평구 연서로 47-2,1030,908,917,-113 
서울특별시 은평구 연서로 487,2064,2605,2605,541 
서울특별시 은평구 연서로 9,1471,1696,2047,576 
서울특별시 은평구 연서로17길 12,1054,1204,1756,702 
서울특별시 은평구 연서로17길 9,2407,1786,3028,621 
서울특별시 은평구 연서로19길 16-7,1005,1363,1463,458 
서울특별시 은평구 연서로19길 4,1395,1423,1773,378 
서울특별시 은평구 연서로19길 9,796,1349,1715,919 
서울특별시 은평구 연서로21길 25,1376,1485,1555,179 
서울특별시 은평구 연서로26길 7-7,1944,0,2083,139 
서울특별시 은평구 연서로28길 17-1,2802,3256,3361,559 
서울특별시 은평구 연서로34길 42,1706,2256,2212,506 
서울특별시 은평구 연서로37길 37,1215,1391,1293,78 
서울특별시 은평구 연서로3가길 13-11,1517,1802,1732,215 
서울특별시 은평구 연서로3길 47,1196,1232,1422,226 
서울특별시 은평구 연서로44길 30,2319,2300,2435,116 
서울특별시 은평구 연서로44길 55,2557,2428,2198,-359 
서울특별시 은평구 연서로44길 7,2075,2573,2085,10 
서울특별시 은평구 연서로46길 7,2324,2762,2801,477 
서울특별시 은평구 연서로48길 11,1943,2605,2321,378 
서울특별시 은평구 연서로48길 12,2236,2222,2292,56 
서울특별시 은평구 연서로5길 19,1424,1375,1412,-12 
서울특별시 은평구 연서로5길 28,1162,1221,1382,220 
서울특별시 은평구 연서로6길 8-9,1418,1348,1425,7 
서울특별시 은평구 연서로9길 17,1313,1260,1229,-84 
서울특별시 은평구 은평로 103,1450,1429,1557,107 
서울특별시 은평구 은평로 108,1514,0,1946,432 
서울특별시 은평구 은평로 123,3233,3076,3184,-49 
서울특별시 은평구 은평로 160,1674,1562,1596,-78 
서울특별시 은평구 은평로 182-8,1643,1794,2050,407 
서울특별시 은평구 은평로 194,2379,0,2932,553 
서울특별시 은평구 은평로 200-1,1587,1650,1747,160 
서울특별시 은평구 은평로 82,1167,1556,1856,689 
서울특별시 은평구 은평로 96,1285,0,1778,493 
서울특별시 은평구 은평로21길 40-18,1314,0,1607,293 
서울특별시 은평구 은평로8길 20,1585,0,1467,-118 
서울특별시 은평구 은평로8길 29,1701,1943,2185,484 
서울특별시 은평구 은평로8길 39,1165,1320,1864,699 
서울특별시 은평구 은평터널로 121-6,1898,1632,2297,399 
서울특별시 은평구 은평터널로 163,1251,1212,1400,149 
서울특별시 은평구 은평터널로 164,1402,1647,1734,332 
서울특별시 은평구 은평터널로 167,1327,1367,1529,202 
서울특별시 은평구 은평터널로 178,1177,930,1203,26 
서울특별시 은평구 은평터널로 182,1092,0,874,-218 
서울특별시 은평구 은평터널로 60,1996,1897,2800,804 
서울특별시 은평구 은평터널로 65,1796,2645,2447,651 
서울특별시 은평구 은평터널로2길 21,1828,2677,3232,1404 
서울특별시 은평구 은평터널로7길 2,1420,1538,1623,203 
서울특별시 은평구 응암로 142-32,1604,1626,1724,120 
서울특별시 은평구 응암로 215,2355,2330,2703,348 
서울특별시 은평구 응암로 254,2289,2399,2711,422 
서울특별시 은평구 응암로 263,1535,1656,2130,595 
서울특별시 은평구 응암로 271,2465,2834,2828,363 
서울특별시 은평구 응암로 279,2146,2085,2335,189 
서울특별시 은평구 응암로 282,2534,2481,2575,41 
서울특별시 은평구 응암로 290,1655,1730,1972,317 
서울특별시 은평구 응암로 291,1962,1967,2279,317 
서울특별시 은평구 응암로 295,1224,1382,1561,337 
서울특별시 은평구 응암로 298,2156,2261,2109,-47 
서울특별시 은평구 응암로 305,1857,1903,1962,105 
서울특별시 은평구 응암로 318,2015,2038,2087,72 
서울특별시 은평구 응암로 319,1210,1264,1316,106 
서울특별시 은평구 응암로 351,2029,2342,2260,231 
서울특별시 은평구 응암로 366,1613,1759,2031,418 
서울특별시 은평구 응암로13길 12,2169,0,2280,111 
서울특별시 은평구 응암로16길 8-13,1312,0,1549,237 
서울특별시 은평구 응암로18길 18-9,1054,1600,1467,413 
서울특별시 은평구 응암로20길 22-17,1371,1198,1786,415 
서울특별시 은평구 응암로20길 22-23,1224,1378,1337,113 
서울특별시 은평구 응암로21가길 20,1864,1907,2111,247 
서울특별시 은평구 응암로21가길 22,1483,1551,1458,-25 
서울특별시 은평구 응암로29길 10,1417,1465,1520,103 
서울특별시 은평구 증산로 221,1725,2306,3274,1549 
서울특별시 은평구 증산로 245,1827,0,2488,661 
서울특별시 은평구 증산로 269,1399,1634,1658,259 
서울특별시 은평구 증산로 273,1658,0,1951,293 
서울특별시 은평구 증산로 285,2016,2451,2374,358 
서울특별시 은평구 증산로 291,2807,2807,2670,-137 
서울특별시 은평구 증산로 303,2194,0,2375,181 
서울특별시 은평구 증산로 333,2100,2203,2263,163 
서울특별시 은평구 증산로 377-8,1359,0,1614,255 
서울특별시 은평구 증산로 417,1571,1551,2054,483 
서울특별시 은평구 증산로 435,1458,1623,1585,127 
서울특별시 은평구 증산로 449,1713,1851,2239,526 
서울특별시 은평구 증산로 463-1,1578,1605,1858,280 
서울특별시 은평구 증산로13길 44-5,1569,1612,2039,470 
서울특별시 은평구 증산로15길 35-10,1503,1714,2019,516 
서울특별시 은평구 증산로15길 50,1780,0,1956,176 
서울특별시 은평구 증산로15길 67-7,1345,1399,1504,159 
서울특별시 은평구 증산로17길 32,1384,0,1573,189 
서울특별시 은평구 증산로1길 26,2196,2531,3095,899 
서울특별시 은평구 증산로1길 6-20,1498,0,1638,140 
서울특별시 은평구 증산로21길 11,1510,1802,1780,270 
서울특별시 은평구 증산로23길 16,1540,1603,1923,383 
서울특별시 은평구 증산로3길 26-1,2005,2473,2952,947 
서울특별시 은평구 증산로3길 5-21,1635,0,2434,799 
서울특별시 은평구 증산로5길 2,1879,2261,1902,23 
서울특별시 은평구 증산로5길 5-11,1627,1816,1972,345 
서울특별시 은평구 증산로9길 32-8,1438,0,2488,1050 
서울특별시 은평구 증산로9길 6-22,1333,0,1598,265 
서울특별시 은평구 증산서길 130,1578,2665,3376,1798 
서울특별시 은평구 증산서길 132,1527,1814,2207,680 
서울특별시 은평구 증산서길 134,1565,2541,2932,1367 
서울특별시 은평구 증산서길 72,1369,1576,1546,177 
서울특별시 은평구 증산서길 74,1432,0,1793,361 
서울특별시 은평구 증산서길 79,2069,2814,2736,667 
서울특별시 은평구 진관1로 21-10,2789,3112,3252,463 
서울특별시 은평구 진관1로 21-9,2826,2695,3086,260 
서울특별시 은평구 진관1로 22,1811,2068,2582,771 
서울특별시 은평구 진관1로 55,1905,2188,2451,546 
서울특별시 은평구 진관2로 111-7,2132,1959,2774,642 
서울특별시 은평구 진관2로 57-37,2110,2611,2941,831 
서울특별시 은평구 진관2로 57-7,2498,2727,3346,848 
서울특별시 은평구 진관2로 60,2172,1777,2063,-109 
서울특별시 은평구 진관2로 67,2537,2773,3578,1041 
서울특별시 은평구 진관2로 77,2690,3335,2905,215 
서울특별시 은평구 진관2로 90,2445,2240,3174,729 
서울특별시 은평구 진관3로 11,2422,3102,3438,1016 
서울특별시 은평구 진관3로 15-45,1903,2424,2435,532 
서울특별시 은평구 진관3로 21,2696,3191,3494,798 
서울특별시 은평구 진관3로 33,2230,0,3574,1344 
서울특별시 은평구 진관3로 70,2267,2680,2919,652 
서울특별시 은평구 진관3로 77,2233,2278,2819,586 
서울특별시 은평구 진관4로 100,1950,2150,2334,384 
서울특별시 은평구 진관4로 107,1954,2143,2218,264 
서울특별시 은평구 진관4로 17,2157,2015,2506,349 
서울특별시 은평구 진관4로 37,2581,2329,2366,-215 
서울특별시 은평구 진관4로 47,1976,1358,2666,690 
서울특별시 은평구 진관4로 48-17,1701,1712,2371,670 
서울특별시 은평구 진관4로 48-50,1467,1812,1859,392 
서울특별시 은평구 진관4로 48-51,1810,1771,1568,-242 
서울특별시 은평구 진관4로 48-8,2137,2724,2533,396 
서울특별시 은평구 진관4로 77,1995,2334,1925,-70 
서울특별시 은평구 진관4로 78-7,2004,1872,2096,92 
서울특별시 은평구 진관4로 87,1934,1834,1858,-76 
서울특별시 은평구 진흥로 144,1976,2010,2529,553 
서울특별시 은평구 진흥로 265,2525,2124,3022,497 
서울특별시 은평구 진흥로 267,2512,2815,2740,228 
서울특별시 은평구 진흥로 27,1758,2139,2051,293 
서울특별시 은평구 진흥로 37-1,1881,1925,2092,211 
서울특별시 은평구 진흥로 50-8,1257,1281,1709,452 
서울특별시 은평구 진흥로11길 5,1507,0,1674,167 
서울특별시 은평구 진흥로11길 8-1,1415,1623,1468,53 
서울특별시 은평구 진흥로13가길 10,1236,0,1327,91 
서울특별시 은평구 진흥로1길 11,1671,1943,1981,310 
서울특별시 은평구 진흥로1길 28,1637,1764,1889,252 
서울특별시 은평구 진흥로1길 50,1437,1476,1418,-19 
서울특별시 은평구 진흥로9길 2,2361,2406,2564,203 
서울특별시 은평구 진흥로9길 6,2027,0,2218,191 
서울특별시 은평구 통일로 1080,3825,3987,3774,-51 
서울특별시 은평구 통일로 586,1676,2214,2336,660 
서울특별시 은평구 통일로 586-19,1822,2497,2686,864 
서울특별시 은평구 통일로 590,1647,1726,2378,731 
서울특별시 은평구 통일로 660,2637,3026,3393,756 
서울특별시 은평구 통일로 745-4,2446,2482,2457,11 
서울특별시 은평구 통일로 745-6,2354,2354,2354,0 
서울특별시 은평구 통일로 749-11,2456,2529,2544,88 
서울특별시 은평구 통일로 780,1939,2170,2747,808 
서울특별시 은평구 통일로 796,2492,3857,3875,1383 
서울특별시 은평구 통일로 827-6,3108,0,3015,-93 
서울특별시 은평구 통일로 833-5,2644,2772,3040,396 
서울특별시 은평구 통일로 856,1355,1919,2032,677 
서울특별시 은평구 통일로57길 14-1,1189,1181,1272,83 
서울특별시 은평구 통일로57길 16,1197,1193,1298,101 
서울특별시 은평구 통일로65길 13-10,2891,2780,2972,81 
서울특별시 은평구 통일로67길 12-6,2444,2716,3003,559 
서울특별시 은평구 통일로67길 12-8,2511,0,2851,340 
서울특별시 은평구 통일로67길 8,1969,2127,2321,352 
서울특별시 은평구 통일로67길 8-10,2399,2587,3069,670 
서울특별시 은평구 통일로67길 8-6,2502,1800,2496,-6 
서울특별시 은평구 통일로67길 9,2920,3516,3530,610 
서울특별시 은평구 통일로71가길 10-5,1245,0,1045,-200 
서울특별시 은평구 통일로72길 30-53,1131,1217,1759,628 
서울특별시 은평구 통일로77길 12,1459,1377,1571,112 
서울특별시 은평구 통일로77길 6,3236,0,2267,-969 
서울특별시 은평구 통일로82가길 1,2875,2742,2789,-86 
서울특별시 은평구 통일로82가길 4-4,2964,2522,2532,-432 
서울특별시 은평구 통일로82길 44,1079,1445,1346,267 
서울특별시 은평구 통일로82길 47,1361,0,1615,254 
서울특별시 은평구 통일로82길 6-7,3594,0,3374,-220 
서울특별시 종로구 경교장길 35,4842,6699,7774,2932 
서울특별시 종로구 경희궁2길 5-5,2036,2126,2206,170 
서울특별시 종로구 경희궁길 57,2660,3273,3273,613 
서울특별시 종로구 낙산길 198,1829,2210,2434,605 
서울특별시 종로구 난계로29가길 16,2609,2425,2393,-216 
서울특별시 종로구 난계로29가길 17,2299,2392,2492,193 
서울특별시 종로구 난계로29가길 20,3228,2918,2892,-336 
서울특별시 종로구 난계로29가길 24,2664,2518,2454,-210 
서울특별시 종로구 난계로29길 33-4,3139,3022,2866,-273 
서울특별시 종로구 대학로 33,3949,3913,3740,-209 
서울특별시 종로구 대학로 47,3508,3760,4178,670 
서울특별시 종로구 돈화문로11가길 59,2100,2198,2149,49 
서울특별시 종로구 동망산길 120,1632,0,2406,774 
서울특별시 종로구 동망산길 19,2123,2553,2482,359 
서울특별시 종로구 동망산길 47,2549,3552,3422,873 
서울특별시 종로구 동숭4라길 29,1625,1531,1409,-216 
서울특별시 종로구 명륜4길 8,2151,1934,1906,-245 
서울특별시 종로구 사직로 21,1112,1425,1421,309 
서울특별시 종로구 사직로8길 20,3053,3293,3320,267 
서울특별시 종로구 사직로8길 24,3047,3455,3708,661 
서울특별시 종로구 사직로8길 34,3163,3157,3309,146 
서울특별시 종로구 사직로8길 4,2952,3068,3806,854 
서울특별시 종로구 삼봉로 95,2248,2236,2275,27 
서울특별시 종로구 삼일대로32길 36,1887,0,2599,712 
서울특별시 종로구 새문안로3길 12,1989,2109,2719,730 
서울특별시 종로구 새문안로3길 30,2720,2357,2642,-78 
서울특별시 종로구 성균관로14길 19,1753,2053,2221,468 
서울특별시 종로구 세검정로 384-13,2065,2401,1801,-264 
서울특별시 종로구 세검정로6다길 11-1,1261,0,1923,662 
서울특별시 종로구 세종대로23길 47,1831,1891,2518,687 
서울특별시 종로구 세종대로23길 54,2080,0,2534,454 
서울특별시 종로구 송월길 147,2224,2916,3411,1187 
서울특별시 종로구 송월길 155,6689,6665,7306,617 
서울특별시 종로구 송월길 99,6501,5924,6462,-39 
서울특별시 종로구 숭인동1길 31,1396,0,1338,-58 
서울특별시 종로구 숭인동1길 38,1734,0,1873,139 
서울특별시 종로구 숭인동1나길 11-7,1369,0,1281,-88 
서울특별시 종로구 숭인동2길 14-5,1580,1558,1789,209 
서울특별시 종로구 숭인동2길 48,1475,0,1630,155 
서울특별시 종로구 숭인동길 21,2578,3617,2877,299 
서울특별시 종로구 율곡로20길 24,2382,2557,2647,265 
서울특별시 종로구 자하문로33길 43,2391,2251,3319,928 
서울특별시 종로구 종로 183,1987,2644,2535,548 
서울특별시 종로구 종로 347,2215,2952,2888,673 
서울특별시 종로구 종로58가길 27,2970,2800,2838,-132 
서울특별시 종로구 종로66길 28,2314,2336,2372,58 
서울특별시 종로구 지봉로 25,2979,3323,4029,1050 
서울특별시 종로구 지봉로 81,2058,2650,2659,601 
서울특별시 종로구 지봉로 87,1794,2538,2529,735 
서울특별시 종로구 지봉로4길 13,3062,3029,2734,-328 
서울특별시 종로구 지봉로5길 7,2367,3275,3523,1156 
서울특별시 종로구 진흥로 480,1839,1666,2118,279 
서울특별시 종로구 창경궁로 265,2837,3082,3474,637 
서울특별시 종로구 창신4가길 40-3,1280,1519,1490,210 
서울특별시 종로구 창신7길 22,1316,819,1492,176 
서울특별시 종로구 창신9길 14,1393,1420,1630,237 
서울특별시 종로구 창신길 140-8,1321,1454,1542,221 
서울특별시 종로구 창신길 20,1437,1302,1278,-159 
서울특별시 종로구 청계천로 391,1462,1618,1666,204 
서울특별시 종로구 통일로 246-20,2479,3038,3244,765 
서울특별시 종로구 통일로 246-9,3134,3987,4345,1211 
서울특별시 종로구 통일로18길 34,2867,2603,4045,1178 
서울특별시 종로구 통일로18길 9,2764,2828,4531,1767 
서울특별시 종로구 평창12길 14-4,2362,2536,2342,-20 
서울특별시 종로구 평창24길 6,1405,1603,1696,291 
서울특별시 종로구 평창25길 4,1691,0,1935,244 
서울특별시 종로구 평창문화로 118,1968,2164,1968,0 
서울특별시 종로구 평창문화로 119,1747,1844,2841,1094 
서울특별시 종로구 평창문화로 140,2224,2253,2488,264 
서울특별시 종로구 평창문화로 142,1619,1824,1238,-381 
서울특별시 종로구 평창문화로 156,2528,1886,2384,-144 
서울특별시 종로구 평창문화로 171,1926,2036,2229,303 
서울특별시 종로구 평창문화로 172,2136,1942,1978,-158 
서울특별시 종로구 평창문화로 19,1869,1825,1647,-222 
서울특별시 종로구 평창문화로 81-6,1750,0,1407,-343 
서울특별시 종로구 혜화로3가길 30,1896,0,2479,583 
서울특별시 종로구 혜화로3길 5,2915,3261,4239,1324 
서울특별시 종로구 혜화로8길 25,2006,0,2118,112 
서울특별시 종로구 혜화로9길 28,2037,2786,3270,1233 
서울특별시 중구 난계로 151,2811,3103,2866,55 
서울특별시 중구 난계로 169,3692,3657,3513,-179 
서울특별시 중구 난계로 173,2822,2923,2863,41 
서울특별시 중구 난계로11길 22,2477,2532,2937,460 
서울특별시 중구 난계로11길 30,2117,1935,3030,913 
서울특별시 중구 난계로13길 17,1542,1559,1793,251 
서울특별시 중구 난계로17길 48,3200,3525,3156,-44 
서울특별시 중구 난계로17길 58-8,3344,0,3494,150 
서울특별시 중구 난계로21길 39,2883,2761,3372,489 
서울특별시 중구 다산로 274,2054,0,2174,120 
서울특별시 중구 다산로 32,2778,3305,4166,1388 
서울특별시 중구 다산로 56,1934,2723,2307,373 
서울특별시 중구 다산로34길 26,2213,2481,3013,800 
서울특별시 중구 다산로36길 109,1822,1722,2432,610 
서울특별시 중구 다산로36길 110,2498,3076,3500,1002 
서울특별시 중구 다산로42가길 43,1918,3232,3073,1155 
서울특별시 중구 다산로42길 38,2683,0,2333,-350 
서울특별시 중구 다산로42나길 46,1946,2782,2725,779 
서울특별시 중구 다산로46길 17,2793,3038,3688,895 
서울특별시 중구 동호로 173,1296,1536,1727,431 
서울특별시 중구 동호로10길 30,2600,3152,4127,1527 
서울특별시 중구 동호로11마길 20-7,873,0,471,-402 
서울특별시 중구 동호로11마길 20-8,1134,0,794,-340 
서울특별시 중구 동호로11마길 24,1200,0,1487,287 
서울특별시 중구 동호로11마길 32,1111,1215,1227,116 
서울특별시 중구 동호로11마길 34,988,0,1001,13 
서울특별시 중구 동호로11마길 5,1368,1560,1658,290 
서울특별시 중구 동호로11바길 21,1012,0,1294,282 
서울특별시 중구 동호로11바길 30-1,889,954,1054,165 
서울특별시 중구 동호로11자길 22,1172,1227,990,-182 
서울특별시 중구 동호로17길 229,2587,2472,2914,327 
서울특별시 중구 동호로17길 256-12,1872,2108,2206,334 
서울특별시 중구 동호로17길 256-4,1847,2649,2209,362 
서울특별시 중구 동호로20가길 38,4052,0,4104,52 
서울특별시 중구 동호로20나길 23,1566,1513,1585,19 
서울특별시 중구 동호로25길 36,792,982,982,190 
서울특별시 중구 마른내로 72,1458,1529,1661,203 
서울특별시 중구 마장로 58,4460,0,4482,22 
서울특별시 중구 만리재로 193,2658,3203,3128,470 
서울특별시 중구 만리재로33길 21,3283,4067,5322,2039 
서울특별시 중구 서소문로6길 34,1497,1438,1158,-339 
서울특별시 중구 서소문로9길 28,3859,4610,5975,2116 
서울특별시 중구 서애로1길 11,3891,3883,3455,-436 
서울특별시 중구 서애로1길 34,1824,1887,2123,299 
서울특별시 중구 소공로 35,4193,3272,3098,-1095 
서울특별시 중구 소공로 46,2859,3077,3040,181 
서울특별시 중구 소공로3길 29-8,1562,1205,1834,272 
서울특별시 중구 소월로2길 30,2900,3354,3378,478 
서울특별시 중구 왕십리로39길 30,2526,3258,3196,670 
서울특별시 중구 을지로 157,1624,1186,1846,222 
서울특별시 중구 을지로 221,1941,2159,2719,778 
서울특별시 중구 중림로 10,2609,3924,4624,2015 
서울특별시 중구 청계천로 160,1438,1435,1581,143 
서울특별시 중구 청계천로 400,2388,2789,3314,926 
서울특별시 중구 청구로 64,3459,4041,4684,1225 
서울특별시 중구 청구로17길 24-5,1861,0,2366,505 
서울특별시 중구 청구로1길 23,2201,3215,3136,935 
서울특별시 중구 청구로4길 37,1890,0,3061,1171 
서울특별시 중구 청구로4길 40,2244,0,2345,101 
서울특별시 중구 청구로6길 52,1897,0,2789,892 
서울특별시 중구 청구로6길 8,2192,0,2366,174 
서울특별시 중구 청파로 464,2398,2777,2743,345 
서울특별시 중구 칠패로 27,2641,2939,3541,900 
서울특별시 중구 통일로 86,2395,2385,2652,257 
서울특별시 중구 퇴계로 217,1677,1728,2040,363 
서울특별시 중구 퇴계로 235,2662,2871,3156,494 
서울특별시 중구 퇴계로 447,2269,2459,3204,935 
서울특별시 중구 퇴계로 448,5040,4922,4816,-224 
서울특별시 중구 퇴계로 72,2399,2831,3354,955 
서울특별시 중구 퇴계로30길 24,1466,2345,3248,1782 
서울특별시 중구 퇴계로49길 14,3318,3148,3380,62 
서울특별시 중구 퇴계로50길 42,1985,1911,2436,451 
서울특별시 중구 퇴계로75길 7,3565,3608,3671,106 
서울특별시 중구 퇴계로90길 74,2964,2679,3979,1015 
서울특별시 중랑구 겸재로 198,2635,2555,2675,40 
서울특별시 중랑구 겸재로18길 20,1645,0,1254,-391 
서울특별시 중랑구 겸재로29길 27,1795,2247,2337,542 
서울특별시 중랑구 겸재로30길 42,1911,2299,2550,639 
서울특별시 중랑구 겸재로48길 13,1563,1749,1808,245 
서울특별시 중랑구 겸재로4길 18,1569,0,1754,185 
서울특별시 중랑구 겸재로9길 35,1244,1329,1438,194 
서울특별시 중랑구 공릉로 32,1761,2257,1941,180 
서울특별시 중랑구 공릉로12길 26,1510,1482,1520,10 
서울특별시 중랑구 공릉로13길 30,1686,1924,1874,188 
서울특별시 중랑구 공릉로18길 59,1764,2149,2663,899 
서울특별시 중랑구 공릉로2길 39,2117,2240,2372,255 
서울특별시 중랑구 공릉로2길 8-25,1554,1078,1341,-213 
서울특별시 중랑구 공릉로2나길 32-12,1539,1753,1836,297 
서울특별시 중랑구 공릉로2나길 46,1714,1865,2028,314 
서울특별시 중랑구 공릉로2라길 15,1545,2031,2201,656 
서울특별시 중랑구 공릉로2라길 4,1750,1748,2116,366 
서울특별시 중랑구 공릉로4길 4,1459,1872,1950,491 
서울특별시 중랑구 답십리로75길 73,2100,2806,2613,513 
서울특별시 중랑구 답십리로77길 139,1465,2327,2137,672 
서울특별시 중랑구 답십리로81길 58,1457,1418,1214,-243 
서울특별시 중랑구 동일로 476,1903,2268,2670,767 
서울특별시 중랑구 동일로 483,1348,1847,1982,634 
서울특별시 중랑구 동일로 501,1791,1327,1879,88 
서울특별시 중랑구 동일로 569-55,1400,1481,1996,596 
서울특별시 중랑구 동일로 709,1313,1451,1545,232 
서울특별시 중랑구 동일로 752,1939,1646,2341,402 
서울특별시 중랑구 동일로 829,1476,1559,1791,315 
서울특별시 중랑구 동일로 932,1970,2126,2308,338 
서울특별시 중랑구 동일로 938,1546,1546,1489,-57 
서울특별시 중랑구 동일로 941,1614,1846,2391,777 
서울특별시 중랑구 동일로 942,1612,1942,2140,528 
서울특별시 중랑구 동일로 946,1878,2320,2348,470 
서울특별시 중랑구 동일로 966,1283,0,1672,389 
서울특별시 중랑구 동일로100길 41,1353,1376,1349,-4 
서울특별시 중랑구 동일로100길 81,1089,0,1488,399 
서울특별시 중랑구 동일로100길 87,1321,0,1360,39 
서울특별시 중랑구 동일로109가길 5,1999,2092,2107,108 
서울특별시 중랑구 동일로129길 35,1445,1679,2147,702 
서울특별시 중랑구 동일로136길 10,1499,0,1953,454 
서울특별시 중랑구 동일로136길 15,1593,1998,2292,699 
서울특별시 중랑구 동일로140길 88,1326,1441,1550,224 
서울특별시 중랑구 동일로144길 3,1440,1570,1855,415 
서울특별시 중랑구 동일로144길 74,1391,1489,1451,60 
서울특별시 중랑구 동일로149길 15,1226,945,1577,351 
서울특별시 중랑구 동일로154길 23-14,1311,1428,1275,-36 
서울특별시 중랑구 동일로157길 41,2130,2025,2538,408 
서울특별시 중랑구 동일로157길 59,1267,1489,1476,209 
서울특별시 중랑구 동일로169길 41,1547,1748,2253,706 
서울특별시 중랑구 동일로95나길 22,1454,1505,1320,-134 
서울특별시 중랑구 망우로 203,1722,2080,2306,584 
서울특별시 중랑구 망우로 223-8,1461,1753,2454,993 
서울특별시 중랑구 망우로 231-8,1516,0,2095,579 
서울특별시 중랑구 망우로 346,1998,2524,2956,958 
서울특별시 중랑구 망우로 353,2214,2426,3081,867 
서울특별시 중랑구 망우로 504-10,1458,1418,1634,176 
서울특별시 중랑구 망우로 504-7,1494,1431,1688,194 
서울특별시 중랑구 망우로26길 43,1575,1889,2000,425 
서울특별시 중랑구 망우로58길 31,3103,2994,2829,-274 
서울특별시 중랑구 망우로58길 47,1915,1883,2139,224 
서울특별시 중랑구 망우로65길 16,1096,1179,1436,340 
서울특별시 중랑구 망우로75길 19,1754,2150,2166,412 
서울특별시 중랑구 망우로81길 27,1394,1428,2120,726 
서울특별시 중랑구 면목로 487,2532,2888,2671,139 
서울특별시 중랑구 면목로 491,2546,3085,3159,613 
서울특별시 중랑구 면목로35길 63,1776,2641,2420,644 
서울특별시 중랑구 면목로37길 57,1810,2088,2277,467 
서울특별시 중랑구 면목로37길 58,1454,2141,1475,21 
서울특별시 중랑구 면목로44길 28,1573,1635,2330,757 
서울특별시 중랑구 면목로69길 16,2161,2077,2127,-34 
서울특별시 중랑구 면목로73가길 28,1417,0,1923,506 
서울특별시 중랑구 면목로84가길 14,1396,1223,1631,235 
서울특별시 중랑구 면목로84길 33,1244,0,1750,506 
서울특별시 중랑구 봉우재로 165-1,1334,0,1439,105 
서울특별시 중랑구 봉우재로 229,1639,1380,1415,-224 
서울특별시 중랑구 봉우재로14길 20-3,1409,1589,1708,299 
서울특별시 중랑구 봉우재로20가길 21,1322,1724,1556,234 
서울특별시 중랑구 봉우재로57길 47,1685,0,1946,261 
서울특별시 중랑구 봉우재로6길 19,1141,1521,1388,247 
서울특별시 중랑구 봉우재로71길 18,1336,1431,1414,78 
서울특별시 중랑구 봉화산로 130,1643,2105,2218,575 
서울특별시 중랑구 봉화산로 146,1696,2031,2422,726 
서울특별시 중랑구 봉화산로 193,1810,2140,2248,438 
서울특별시 중랑구 봉화산로 216,1528,1428,2151,623 
서울특별시 중랑구 봉화산로 220,1231,1571,1283,52 
서울특별시 중랑구 봉화산로 221,1398,1717,1801,403 
서울특별시 중랑구 봉화산로 233-12,1432,1812,2011,579 
서울특별시 중랑구 봉화산로27가길 23,1219,1386,1513,294 
서울특별시 중랑구 봉화산로27길 32,1395,1491,1729,334 
서울특별시 중랑구 봉화산로48길 62,1467,1950,2014,547 
서울특별시 중랑구 봉화산로56길 112,1589,2072,2038,449 
서울특별시 중랑구 봉화산로56길 123,1334,1412,1806,472 
서울특별시 중랑구 봉화산로56길 140,1583,2007,2686,1103 
서울특별시 중랑구 봉화산로56길 145-1,1274,1534,1801,527 
서울특별시 중랑구 봉화산로56길 51,1456,1909,2107,651 
서울특별시 중랑구 봉화산로56길 73,1151,1563,1444,293 
서울특별시 중랑구 사가정로41길 59,1750,1944,2271,521 
서울특별시 중랑구 사가정로41길 9,1860,2236,2321,461 
서울특별시 중랑구 사가정로42길 90,1691,1698,2906,1215 
서울특별시 중랑구 사가정로71길 11,1738,2210,2314,576 
서울특별시 중랑구 사가정로71길 19,1937,1860,2545,608 
서울특별시 중랑구 상봉로 110,2484,2336,2262,-222 
서울특별시 중랑구 상봉로 131,1973,2227,2230,257 
서울특별시 중랑구 상봉로15길 14,1206,0,1874,668 
서울특별시 중랑구 상봉로26길 29,1940,1794,1788,-152 
서울특별시 중랑구 상봉중앙로10길 15,1141,1547,1090,-51 
서울특별시 중랑구 상봉중앙로1다길 21,1844,2280,2744,900 
서울특별시 중랑구 상봉중앙로6길 45,1421,1489,1877,456 
서울특별시 중랑구 상봉중앙로8가길 5,1317,1657,1696,379 
서울특별시 중랑구 상봉중앙로8길 104,1902,2682,2879,977 
서울특별시 중랑구 상봉중앙로8길 76,1964,2529,2791,827 
서울특별시 중랑구 송림길 124,1340,1403,1497,157 
서울특별시 중랑구 송림길 18,1470,2009,1981,511 
서울특별시 중랑구 숙선옹주로 38,1289,1600,1541,252 
서울특별시 중랑구 숙선옹주로 45,2528,2898,3390,862 
서울특별시 중랑구 숙선옹주로 6-9,1776,1788,2054,278 
서울특별시 중랑구 숙선옹주로 91,1796,2280,2370,574 
서울특별시 중랑구 숙선옹주로9길 25,1635,1928,2224,589 
서울특별시 중랑구 신내로 110,1450,1672,1745,295 
서울특별시 중랑구 신내로 127,1876,2087,2291,415 
서울특별시 중랑구 신내로 128,1388,1712,2128,740 
서울특별시 중랑구 신내로 155,1746,2019,2332,586 
서울특별시 중랑구 신내로 51,1409,1691,1967,558 
서울특별시 중랑구 신내로14길 21,1453,1306,1913,460 
서울특별시 중랑구 신내로17길 41,1430,1992,1982,552 
서울특별시 중랑구 신내로19길 42,1979,2374,2507,528 
서울특별시 중랑구 신내로21길 16,1636,2188,2130,494 
서울특별시 중랑구 신내로7가길 31,1724,2383,2518,794 
서울특별시 중랑구 신내로7길 20,1688,1985,2190,502 
서울특별시 중랑구 신내로7나길 24,1581,2059,2450,869 
서울특별시 중랑구 신내역로 165,1694,2110,2486,792 
서울특별시 중랑구 신내역로1길 85,1755,2195,2485,730 
서울특별시 중랑구 양원역로 18,1738,2301,2160,422 
서울특별시 중랑구 양원역로 37,1404,1551,1733,329 
서울특별시 중랑구 양원역로 49,1365,1496,1425,60 
서울특별시 중랑구 양원역로6가길 19,1323,1904,1442,119 
서울특별시 중랑구 용마산로 210,2298,3192,2763,465 
서울특별시 중랑구 용마산로 252,1511,2168,2202,691 
서울특별시 중랑구 용마산로 259,1529,1589,1759,230 
서울특별시 중랑구 용마산로 271,1707,1913,2276,569 
서울특별시 중랑구 용마산로 278,1429,2010,2160,731 
서울특별시 중랑구 용마산로 285,1903,2323,2007,104 
서울특별시 중랑구 용마산로 290,1874,2258,2326,452 
서울특별시 중랑구 용마산로 348,1532,1943,2133,601 
서울특별시 중랑구 용마산로 463,1675,1727,1877,202 
서울특별시 중랑구 용마산로 561,1079,0,1373,294 
서울특별시 중랑구 용마산로 616,1287,1718,1942,655 
서울특별시 중랑구 용마산로 669,1988,1973,2685,697 
서울특별시 중랑구 용마산로112가길 34,1391,1566,1848,457 
서울특별시 중랑구 용마산로115가길 16,1218,0,1820,602 
서울특별시 중랑구 용마산로115길 109,1963,1973,2691,728 
서울특별시 중랑구 용마산로115길 127,1977,2329,2726,749 
서울특별시 중랑구 용마산로116길 44,1171,0,1464,293 
서울특별시 중랑구 용마산로116길 76,1257,1435,2050,793 
서울특별시 중랑구 용마산로125길 50,1483,1613,1684,201 
서울특별시 중랑구 용마산로125길 92,1373,1502,1766,393 
서울특별시 중랑구 용마산로129가길 41,1594,1809,2100,506 
서울특별시 중랑구 용마산로129길 22,1670,1787,1782,112 
서울특별시 중랑구 용마산로129나길 101,1174,1575,1595,421 
서울특별시 중랑구 용마산로40길 27-9,1289,1525,1648,359 
서울특별시 중랑구 용마산로62길 43,1497,1742,1847,350 
서울특별시 중랑구 용마산로84길 9-15,1373,1624,1607,234 
서울특별시 중랑구 용마산로86길 9-14,1582,1848,1890,308 
서울특별시 중랑구 용마산로86길 9-27,1605,1872,2120,515 
서울특별시 중랑구 용마산로94길 91,1298,1127,1225,-73 
서울특별시 중랑구 용마산로94다길 21,1310,1258,1400,90 
서울특별시 중랑구 중랑역로 124,1471,1641,1679,208 
서울특별시 중랑구 중랑역로 150,1229,1374,1688,459 
서울특별시 중랑구 중랑역로 276,2277,2145,2157,-120 
서울특별시 중랑구 중랑역로 279,1531,1417,1502,-29 
서울특별시 중랑구 중랑역로 72,1571,0,2208,637 
서울특별시 중랑구 중랑역로49길 10,1534,1627,1682,148 
서울특별시 중랑구 중랑천로 14,1516,1527,1725,209 
서울특별시 중랑구 중랑천로 20,1578,1632,2055,477 
서울특별시 중랑구 중랑천로 286,1739,2304,2158,419 
서울특별시 중랑구 중랑천로 316,1776,2094,2410,634 
서울특별시 중랑구 중랑천로 332,1798,1551,1760,-38 
서울특별시 중랑구 중랑천로 43,1486,1914,1928,442 
서울특별시 중랑구 중랑천로 8,1325,1354,1670,345 
서울특별시 중랑구 중랑천로10길 23,1239,1375,1651,412 
서울특별시 중랑구 중랑천로14길 34,1677,2052,2266,589 
서울특별시 중랑구 중랑천로14길 58,2244,2244,2121,-123 
,,,,
